0 1.82534 2.78481 0.158992 -0.907654 0.41972 0 0.487933 -0 0 -1 0.158992 -0.41972 -0.907654 0 3.29377 0 0 0 1 960 960 
1 1.83534 2.78296 0.165485 -0.905542 0.424256 0 0.481286 -0 0 -1 0.165485 -0.424256 -0.905542 0 3.29874 0 0 0 1 960 960 
2 1.84534 2.77851 0.165485 -0.903171 0.429281 0 0.47389 -0 0 -1 0.165485 -0.429281 -0.903171 0 3.30164 0 0 0 1 960 960 
3 1.85534 2.77407 0.165485 -0.900773 0.434291 0 0.466481 -0 0 -1 0.165485 -0.434291 -0.900773 0 3.30456 0 0 0 1 960 960 
4 1.86534 2.77092 0.168732 -0.898474 0.439026 0 0.459448 -0 0 -1 0.168732 -0.439026 -0.898474 0 3.30854 0 0 0 1 960 960 
5 1.87534 2.76648 0.168732 -0.896025 0.444003 0 0.452022 -0 0 -1 0.168732 -0.444003 -0.896025 0 3.31149 0 0 0 1 960 960 
6 1.88534 2.76204 0.168732 -0.89355 0.448965 0 0.444585 -0 0 -1 0.168732 -0.448965 -0.89355 0 3.31446 0 0 0 1 960 960 
7 1.89534 2.75759 0.168732 -0.891048 0.453909 0 0.437138 -0 0 -1 0.168732 -0.453909 -0.891048 0 3.31746 0 0 0 1 960 960 
8 1.90534 2.75315 0.168732 -0.88852 0.458837 0 0.429683 -0 0 -1 0.168732 -0.458837 -0.88852 0 3.32047 0 0 0 1 960 960 
9 1.91534 2.7487 0.168732 -0.885967 0.463748 0 0.422219 -0 0 -1 0.168732 -0.463748 -0.885967 0 3.32349 0 0 0 1 960 960 
10 1.92534 2.74426 0.168732 -0.883389 0.468641 0 0.414747 -0 0 -1 0.168732 -0.468641 -0.883389 0 3.32654 0 0 0 1 960 960 
11 1.93534 2.73981 0.168732 -0.880785 0.473516 0 0.407269 -0 0 -1 0.168732 -0.473516 -0.880785 0 3.3296 0 0 0 1 960 960 
12 1.94534 2.73537 0.168732 -0.878157 0.478373 0 0.399784 -0 0 -1 0.168732 -0.478373 -0.878157 0 3.33268 0 0 0 1 960 960 
13 1.95534 2.73092 0.168732 -0.875504 0.48321 0 0.392294 -0 0 -1 0.168732 -0.48321 -0.875504 0 3.33577 0 0 0 1 960 960 
14 1.96534 2.72648 0.168732 -0.872828 0.488029 0 0.384799 -0 0 -1 0.168732 -0.488029 -0.872828 0 3.33889 0 0 0 1 960 960 
15 1.97534 2.72204 0.168732 -0.870127 0.492827 0 0.3773 -0 0 -1 0.168732 -0.492827 -0.870127 0 3.34202 0 0 0 1 960 960 
16 1.98534 2.71889 0.171979 -0.867565 0.497323 0 0.370242 -0 0 -1 0.171979 -0.497323 -0.867565 0 3.34617 0 0 0 1 960 960 
17 1.99534 2.71445 0.171979 -0.864821 0.502079 0 0.362742 -0 0 -1 0.171979 -0.502079 -0.864821 0 3.34933 0 0 0 1 960 960 
18 2.00534 2.71 0.171979 -0.862055 0.506815 0 0.355239 -0 0 -1 0.171979 -0.506815 -0.862055 0 3.3525 0 0 0 1 960 960 
19 2.01534 2.70686 0.175226 -0.859437 0.511243 0 0.348194 -0 0 -1 0.175226 -0.511243 -0.859437 0 3.3567 0 0 0 1 960 960 
20 2.02534 2.70371 0.178472 -0.856802 0.515645 0 0.341157 -0 0 -1 0.178472 -0.515645 -0.856802 0 3.3609 0 0 0 1 960 960 
21 2.03534 2.69927 0.178472 -0.853975 0.520314 0 0.333661 -0 0 -1 0.178472 -0.520314 -0.853975 0 3.36412 0 0 0 1 960 960 
22 2.04534 2.69482 0.178472 -0.851127 0.52496 0 0.326166 -0 0 -1 0.178472 -0.52496 -0.851127 0 3.36735 0 0 0 1 960 960 
23 2.05534 2.69038 0.178472 -0.848257 0.529584 0 0.318673 -0 0 -1 0.178472 -0.529584 -0.848257 0 3.3706 0 0 0 1 960 960 
24 2.06534 2.68593 0.178472 -0.845367 0.534186 0 0.311182 -0 0 -1 0.178472 -0.534186 -0.845367 0 3.37387 0 0 0 1 960 960 
25 2.07534 2.68149 0.178472 -0.842457 0.538764 0 0.303693 -0 0 -1 0.178472 -0.538764 -0.842457 0 3.37715 0 0 0 1 960 960 
26 2.08534 2.67704 0.178472 -0.839527 0.543319 0 0.296208 -0 0 -1 0.178472 -0.543319 -0.839527 0 3.38045 0 0 0 1 960 960 
27 2.09534 2.6713 0.175226 -0.836382 0.548148 0 0.288234 -0 0 -1 0.175226 -0.548148 -0.836382 0 3.38278 0 0 0 1 960 960 
28 2.10534 2.66556 0.171979 -0.833211 0.552955 0 0.280256 -0 0 -1 0.171979 -0.552955 -0.833211 0 3.38513 0 0 0 1 960 960 
29 2.11534 2.66111 0.171979 -0.830217 0.55744 0 0.272777 -0 0 -1 0.171979 -0.55744 -0.830217 0 3.38847 0 0 0 1 960 960 
30 2.12534 2.65537 0.168732 -0.827 0.562202 0 0.264797 -0 0 -1 0.168732 -0.562202 -0.827 0 3.39086 0 0 0 1 960 960 
31 2.13534 2.65092 0.168732 -0.823966 0.566639 0 0.257327 -0 0 -1 0.168732 -0.566639 -0.823966 0 3.39424 0 0 0 1 960 960 
32 2.14534 2.64518 0.165485 -0.820704 0.571354 0 0.249349 -0 0 -1 0.165485 -0.571354 -0.820704 0 3.39666 0 0 0 1 960 960 
33 2.15534 2.63944 0.162239 -0.817417 0.576046 0 0.241371 -0 0 -1 0.162239 -0.576046 -0.817417 0 3.3991 0 0 0 1 960 960 
34 2.16534 2.63499 0.162239 -0.814326 0.580408 0 0.233918 -0 0 -1 0.162239 -0.580408 -0.814326 0 3.40252 0 0 0 1 960 960 
35 2.17534 2.63055 0.162239 -0.811218 0.584744 0 0.226474 -0 0 -1 0.162239 -0.584744 -0.811218 0 3.40596 0 0 0 1 960 960 
36 2.18534 2.62481 0.158992 -0.80787 0.589361 0 0.218509 -0 0 -1 0.158992 -0.589361 -0.80787 0 3.40845 0 0 0 1 960 960 
37 2.19534 2.61906 0.155745 -0.8045 0.593953 0 0.210547 -0 0 -1 0.155745 -0.593953 -0.8045 0 3.41096 0 0 0 1 960 960 
38 2.20534 2.61462 0.155745 -0.801339 0.598211 0 0.203128 -0 0 -1 0.155745 -0.598211 -0.801339 0 3.41445 0 0 0 1 960 960 
39 2.21534 2.60888 0.152498 -0.797929 0.602751 0 0.195178 -0 0 -1 0.152498 -0.602751 -0.797929 0 3.41699 0 0 0 1 960 960 
40 2.22534 2.60443 0.152498 -0.794736 0.606956 0 0.18778 -0 0 -1 0.152498 -0.606956 -0.794736 0 3.42051 0 0 0 1 960 960 
41 2.23534 2.59869 0.149251 -0.791288 0.611443 0 0.179845 -0 0 -1 0.149251 -0.611443 -0.791288 0 3.42309 0 0 0 1 960 960 
42 2.24534 2.59424 0.149251 -0.788064 0.615593 0 0.172471 -0 0 -1 0.149251 -0.615593 -0.788064 0 3.42664 0 0 0 1 960 960 
43 2.25534 2.5898 0.149251 -0.784827 0.619715 0 0.165112 -0 0 -1 0.149251 -0.619715 -0.784827 0 3.43021 0 0 0 1 960 960 
44 2.26534 2.58406 0.146005 -0.781328 0.624121 0 0.157207 -0 0 -1 0.146005 -0.624121 -0.781328 0 3.43284 0 0 0 1 960 960 
45 2.27534 2.57961 0.146005 -0.778062 0.628187 0 0.149876 -0 0 -1 0.146005 -0.628187 -0.778062 0 3.43643 0 0 0 1 960 960 
46 2.28534 2.57517 0.146005 -0.774785 0.632225 0 0.14256 -0 0 -1 0.146005 -0.632225 -0.774785 0 3.44005 0 0 0 1 960 960 
47 2.29534 2.56942 0.142758 -0.771238 0.636547 0 0.134691 -0 0 -1 0.142758 -0.636547 -0.771238 0 3.44273 0 0 0 1 960 960 
48 2.30534 2.56498 0.142758 -0.767935 0.640528 0 0.127407 -0 0 -1 0.142758 -0.640528 -0.767935 0 3.44637 0 0 0 1 960 960 
49 2.31534 2.56053 0.142758 -0.764621 0.64448 0 0.120141 -0 0 -1 0.142758 -0.64448 -0.764621 0 3.45003 0 0 0 1 960 960 
50 2.32534 2.55609 0.142758 -0.761297 0.648403 0 0.112894 -0 0 -1 0.142758 -0.648403 -0.761297 0 3.4537 0 0 0 1 960 960 
51 2.33534 2.55035 0.139511 -0.757693 0.652611 0 0.105081 -0 0 -1 0.139511 -0.652611 -0.757693 0 3.45645 0 0 0 1 960 960 
52 2.34534 2.5459 0.139511 -0.754346 0.656477 0 0.0978695 -0 0 -1 0.139511 -0.656477 -0.754346 0 3.46015 0 0 0 1 960 960 
53 2.35534 2.54146 0.139511 -0.750991 0.660313 0 0.0906779 -0 0 -1 0.139511 -0.660313 -0.750991 0 3.46387 0 0 0 1 960 960 
54 2.36534 2.53701 0.139511 -0.747626 0.66412 0 0.0835066 -0 0 -1 0.139511 -0.66412 -0.747626 0 3.4676 0 0 0 1 960 960 
55 2.37534 2.53257 0.139511 -0.744254 0.667897 0 0.0763565 -0 0 -1 0.139511 -0.667897 -0.744254 0 3.47135 0 0 0 1 960 960 
56 2.38534 2.52812 0.139511 -0.740873 0.671645 0 0.0692276 -0 0 -1 0.139511 -0.671645 -0.740873 0 3.47512 0 0 0 1 960 960 
57 2.39534 2.52368 0.139511 -0.737485 0.675364 0 0.0621207 -0 0 -1 0.139511 -0.675364 -0.737485 0 3.4789 0 0 0 1 960 960 
58 2.40534 2.51924 0.139511 -0.734089 0.679053 0 0.0550361 -0 0 -1 0.139511 -0.679053 -0.734089 0 3.48269 0 0 0 1 960 960 
59 2.41534 2.51479 0.139511 -0.730687 0.682713 0 0.0479742 -0 0 -1 0.139511 -0.682713 -0.730687 0 3.48651 0 0 0 1 960 960 
60 2.42534 2.51035 0.139511 -0.727278 0.686343 0 0.0409355 -0 0 -1 0.139511 -0.686343 -0.727278 0 3.49033 0 0 0 1 960 960 
61 2.43534 2.5059 0.139511 -0.723864 0.689943 0 0.0339204 -0 0 -1 0.139511 -0.689943 -0.723864 0 3.49417 0 0 0 1 960 960 
62 2.44534 2.50146 0.139511 -0.720443 0.693514 0 0.026929 -0 0 -1 0.139511 -0.693514 -0.720443 0 3.49803 0 0 0 1 960 960 
63 2.45534 2.49701 0.139511 -0.717017 0.697055 0 0.0199622 -0 0 -1 0.139511 -0.697055 -0.717017 0 3.50191 0 0 0 1 960 960 
64 2.46534 2.49257 0.139511 -0.713587 0.700567 0 0.0130201 -0 0 -1 0.139511 -0.700567 -0.713587 0 3.5058 0 0 0 1 960 960 
65 2.47534 2.48812 0.139511 -0.710152 0.704049 0 0.00610296 -0 0 -1 0.139511 -0.704049 -0.710152 0 3.5097 0 0 0 1 960 960 
66 2.48534 2.48368 0.139511 -0.706712 0.707501 0 -0.000788592 -0 0 -1 0.139511 -0.707501 -0.706712 0 3.51363 0 0 0 1 960 960 
67 2.49534 2.47924 0.139511 -0.703269 0.710924 0 -0.00765435 -0 0 -1 0.139511 -0.710924 -0.703269 0 3.51756 0 0 0 1 960 960 
68 2.50534 2.47349 0.136264 -0.699508 0.714625 0 -0.0151168 -0 0 -1 0.136264 -0.714625 -0.699508 0 3.5206 0 0 0 1 960 960 
69 2.51534 2.46775 0.133018 -0.695738 0.718295 0 -0.0225567 -0 0 -1 0.133018 -0.718295 -0.695738 0 3.52366 0 0 0 1 960 960 
70 2.52534 2.46331 0.133018 -0.692281 0.721628 0 -0.0293464 -0 0 -1 0.133018 -0.721628 -0.692281 0 3.52765 0 0 0 1 960 960 
71 2.53534 2.45886 0.133018 -0.688822 0.724931 0 -0.0361088 -0 0 -1 0.133018 -0.724931 -0.688822 0 3.53166 0 0 0 1 960 960 
72 2.54534 2.45442 0.133018 -0.68536 0.728204 0 -0.0428437 -0 0 -1 0.133018 -0.728204 -0.68536 0 3.53568 0 0 0 1 960 960 
73 2.55534 2.44997 0.133018 -0.681897 0.731448 0 -0.0495509 -0 0 -1 0.133018 -0.731448 -0.681897 0 3.53972 0 0 0 1 960 960 
74 2.56534 2.44553 0.133018 -0.678433 0.734663 0 -0.05623 -0 0 -1 0.133018 -0.734663 -0.678433 0 3.54378 0 0 0 1 960 960 
75 2.57534 2.44108 0.133018 -0.674967 0.737848 0 -0.0628807 -0 0 -1 0.133018 -0.737848 -0.674967 0 3.54786 0 0 0 1 960 960 
76 2.58534 2.43664 0.133018 -0.671501 0.741004 0 -0.0695028 -0 0 -1 0.133018 -0.741004 -0.671501 0 3.55195 0 0 0 1 960 960 
77 2.59534 2.43219 0.133018 -0.668034 0.74413 0 -0.076096 -0 0 -1 0.133018 -0.74413 -0.668034 0 3.55606 0 0 0 1 960 960 
78 2.60534 2.42775 0.133018 -0.664568 0.747228 0 -0.0826603 -0 0 -1 0.133018 -0.747228 -0.664568 0 3.56018 0 0 0 1 960 960 
79 2.61534 2.42331 0.133018 -0.661101 0.750297 0 -0.089195 -0 0 -1 0.133018 -0.750297 -0.661101 0 3.56433 0 0 0 1 960 960 
80 2.62534 2.41756 0.129771 -0.657294 0.753634 0 -0.0963403 -0 0 -1 0.129771 -0.753634 -0.657294 0 3.56759 0 0 0 1 960 960 
81 2.63534 2.41312 0.129771 -0.653827 0.756644 0 -0.102817 -0 0 -1 0.129771 -0.756644 -0.653827 0 3.57177 0 0 0 1 960 960 
82 2.64534 2.40867 0.129771 -0.650362 0.759625 0 -0.109263 -0 0 -1 0.129771 -0.759625 -0.650362 0 3.57597 0 0 0 1 960 960 
83 2.65534 2.40163 0.123277 -0.646201 0.763167 0 -0.116967 -0 0 -1 0.123277 -0.763167 -0.646201 0 3.5784 0 0 0 1 960 960 
84 2.66534 2.39719 0.123277 -0.642735 0.766089 0 -0.123354 -0 0 -1 0.123277 -0.766089 -0.642735 0 3.58264 0 0 0 1 960 960 
85 2.67534 2.39274 0.123277 -0.639271 0.768982 0 -0.129711 -0 0 -1 0.123277 -0.768982 -0.639271 0 3.58689 0 0 0 1 960 960 
86 2.68534 2.3883 0.123277 -0.635809 0.771846 0 -0.136037 -0 0 -1 0.123277 -0.771846 -0.635809 0 3.59117 0 0 0 1 960 960 
87 2.69534 2.38385 0.123277 -0.632351 0.774682 0 -0.142332 -0 0 -1 0.123277 -0.774682 -0.632351 0 3.59546 0 0 0 1 960 960 
88 2.70534 2.37941 0.123277 -0.628895 0.77749 0 -0.148595 -0 0 -1 0.123277 -0.77749 -0.628895 0 3.59977 0 0 0 1 960 960 
89 2.71534 2.37496 0.123277 -0.625443 0.78027 0 -0.154828 -0 0 -1 0.123277 -0.78027 -0.625443 0 3.6041 0 0 0 1 960 960 
90 2.72534 2.37052 0.123277 -0.621994 0.783022 0 -0.161029 -0 0 -1 0.123277 -0.783022 -0.621994 0 3.60845 0 0 0 1 960 960 
91 2.73534 2.36608 0.123277 -0.618548 0.785747 0 -0.167198 -0 0 -1 0.123277 -0.785747 -0.618548 0 3.61281 0 0 0 1 960 960 
92 2.74534 2.36033 0.120031 -0.614743 0.788728 0 -0.173985 -0 0 -1 0.120031 -0.788728 -0.614743 0 3.61632 0 0 0 1 960 960 
93 2.75534 2.35589 0.120031 -0.611304 0.791396 0 -0.180092 -0 0 -1 0.120031 -0.791396 -0.611304 0 3.62073 0 0 0 1 960 960 
94 2.76534 2.35144 0.120031 -0.60787 0.794036 0 -0.186166 -0 0 -1 0.120031 -0.794036 -0.60787 0 3.62515 0 0 0 1 960 960 
95 2.77534 2.347 0.120031 -0.604441 0.79665 0 -0.192208 -0 0 -1 0.120031 -0.79665 -0.604441 0 3.62959 0 0 0 1 960 960 
96 2.78534 2.34256 0.120031 -0.601017 0.799236 0 -0.198218 -0 0 -1 0.120031 -0.799236 -0.601017 0 3.63406 0 0 0 1 960 960 
97 2.79534 2.33811 0.120031 -0.597599 0.801795 0 -0.204196 -0 0 -1 0.120031 -0.801795 -0.597599 0 3.63854 0 0 0 1 960 960 
98 2.80534 2.33496 0.123277 -0.59456 0.804051 0 -0.209492 -0 0 -1 0.123277 -0.804051 -0.59456 0 3.64391 0 0 0 1 960 960 
99 2.81534 2.33052 0.123277 -0.591154 0.806559 0 -0.215405 -0 0 -1 0.123277 -0.806559 -0.591154 0 3.64843 0 0 0 1 960 960 
100 2.82534 2.32608 0.123277 -0.587754 0.80904 0 -0.221286 -0 0 -1 0.123277 -0.80904 -0.587754 0 3.65297 0 0 0 1 960 960 
101 2.83534 2.32293 0.126524 -0.584738 0.811222 0 -0.226484 -0 0 -1 0.126524 -0.811222 -0.584738 0 3.65839 0 0 0 1 960 960 
102 2.84534 2.31849 0.126524 -0.581352 0.813652 0 -0.232301 -0 0 -1 0.126524 -0.813652 -0.581352 0 3.66297 0 0 0 1 960 960 
103 2.85534 2.31404 0.126524 -0.577972 0.816057 0 -0.238085 -0 0 -1 0.126524 -0.816057 -0.577972 0 3.66757 0 0 0 1 960 960 
104 2.86534 2.3096 0.126524 -0.574599 0.818435 0 -0.243836 -0 0 -1 0.126524 -0.818435 -0.574599 0 3.67218 0 0 0 1 960 960 
105 2.87534 2.30515 0.126524 -0.571233 0.820788 0 -0.249555 -0 0 -1 0.126524 -0.820788 -0.571233 0 3.67682 0 0 0 1 960 960 
106 2.88534 2.30071 0.126524 -0.567874 0.823116 0 -0.255242 -0 0 -1 0.126524 -0.823116 -0.567874 0 3.68148 0 0 0 1 960 960 
107 2.89534 2.29626 0.126524 -0.564522 0.825418 0 -0.260896 -0 0 -1 0.126524 -0.825418 -0.564522 0 3.68615 0 0 0 1 960 960 
108 2.90534 2.29182 0.126524 -0.561178 0.827695 0 -0.266517 -0 0 -1 0.126524 -0.827695 -0.561178 0 3.69085 0 0 0 1 960 960 
109 2.91534 2.28737 0.126524 -0.557841 0.829948 0 -0.272106 -0 0 -1 0.126524 -0.829948 -0.557841 0 3.69557 0 0 0 1 960 960 
110 2.92534 2.28423 0.129771 -0.554901 0.831916 0 -0.277015 -0 0 -1 0.129771 -0.831916 -0.554901 0 3.70116 0 0 0 1 960 960 
111 2.93534 2.27978 0.129771 -0.551581 0.834121 0 -0.28254 -0 0 -1 0.129771 -0.834121 -0.551581 0 3.70591 0 0 0 1 960 960 
112 2.94534 2.27794 0.136264 -0.54905 0.83579 0 -0.28674 -0 0 -1 0.136264 -0.83579 -0.54905 0 3.71238 0 0 0 1 960 960 
113 2.95534 2.27349 0.136264 -0.545749 0.837949 0 -0.2922 -0 0 -1 0.136264 -0.837949 -0.545749 0 3.71718 0 0 0 1 960 960 
114 2.96534 2.27035 0.139511 -0.542847 0.839831 0 -0.296984 -0 0 -1 0.139511 -0.839831 -0.542847 0 3.72283 0 0 0 1 960 960 
115 2.97534 2.2659 0.139511 -0.539564 0.841945 0 -0.302381 -0 0 -1 0.139511 -0.841945 -0.539564 0 3.72767 0 0 0 1 960 960 
116 2.98534 2.26146 0.139511 -0.536289 0.844034 0 -0.307745 -0 0 -1 0.139511 -0.844034 -0.536289 0 3.73252 0 0 0 1 960 960 
117 2.99534 2.25701 0.139511 -0.533023 0.846101 0 -0.313078 -0 0 -1 0.139511 -0.846101 -0.533023 0 3.7374 0 0 0 1 960 960 
118 3.00534 2.25257 0.139511 -0.529766 0.848144 0 -0.318378 -0 0 -1 0.139511 -0.848144 -0.529766 0 3.74229 0 0 0 1 960 960 
119 3.01534 2.24942 0.142758 -0.526914 0.849919 0 -0.323005 -0 0 -1 0.142758 -0.849919 -0.526914 0 3.74804 0 0 0 1 960 960 
120 3.02534 2.24498 0.142758 -0.523676 0.851918 0 -0.328242 -0 0 -1 0.142758 -0.851918 -0.523676 0 3.75298 0 0 0 1 960 960 
121 3.03534 2.24053 0.142758 -0.520447 0.853894 0 -0.333447 -0 0 -1 0.142758 -0.853894 -0.520447 0 3.75793 0 0 0 1 960 960 
122 3.04534 2.23609 0.142758 -0.517228 0.855848 0 -0.33862 -0 0 -1 0.142758 -0.855848 -0.517228 0 3.76291 0 0 0 1 960 960 
123 3.05534 2.23294 0.146005 -0.514417 0.85754 0 -0.343123 -0 0 -1 0.146005 -0.85754 -0.514417 0 3.76874 0 0 0 1 960 960 
124 3.06534 2.2285 0.146005 -0.511218 0.859451 0 -0.348234 -0 0 -1 0.146005 -0.859451 -0.511218 0 3.77376 0 0 0 1 960 960 
125 3.07534 2.22406 0.146005 -0.508028 0.861341 0 -0.353312 -0 0 -1 0.146005 -0.861341 -0.508028 0 3.77879 0 0 0 1 960 960 
126 3.08534 2.21961 0.146005 -0.504848 0.863208 0 -0.35836 -0 0 -1 0.146005 -0.863208 -0.504848 0 3.78385 0 0 0 1 960 960 
127 3.09534 2.21517 0.146005 -0.501679 0.865054 0 -0.363376 -0 0 -1 0.146005 -0.865054 -0.501679 0 3.78893 0 0 0 1 960 960 
128 3.10534 2.21072 0.146005 -0.498519 0.866879 0 -0.36836 -0 0 -1 0.146005 -0.866879 -0.498519 0 3.79404 0 0 0 1 960 960 
129 3.11534 2.20628 0.146005 -0.495369 0.868683 0 -0.373313 -0 0 -1 0.146005 -0.868683 -0.495369 0 3.79916 0 0 0 1 960 960 
130 3.12534 2.20183 0.146005 -0.49223 0.870465 0 -0.378235 -0 0 -1 0.146005 -0.870465 -0.49223 0 3.8043 0 0 0 1 960 960 
131 3.13534 2.19869 0.149251 -0.489505 0.872001 0 -0.382496 -0 0 -1 0.149251 -0.872001 -0.489505 0 3.81028 0 0 0 1 960 960 
132 3.14534 2.19424 0.149251 -0.486387 0.873744 0 -0.387357 -0 0 -1 0.149251 -0.873744 -0.486387 0 3.81547 0 0 0 1 960 960 
133 3.15534 2.1924 0.155745 -0.484087 0.87502 0 -0.390933 -0 0 -1 0.155745 -0.87502 -0.484087 0 3.82229 0 0 0 1 960 960 
134 3.16534 2.18795 0.155745 -0.480991 0.876725 0 -0.395734 -0 0 -1 0.155745 -0.876725 -0.480991 0 3.82752 0 0 0 1 960 960 
135 3.17534 2.18351 0.155745 -0.477906 0.878411 0 -0.400505 -0 0 -1 0.155745 -0.878411 -0.477906 0 3.83276 0 0 0 1 960 960 
136 3.18534 2.18036 0.158992 -0.475236 0.879858 0 -0.404622 -0 0 -1 0.158992 -0.879858 -0.475236 0 3.83883 0 0 0 1 960 960 
137 3.19534 2.17592 0.158992 -0.472173 0.881506 0 -0.409333 -0 0 -1 0.158992 -0.881506 -0.472173 0 3.84412 0 0 0 1 960 960 
138 3.20534 2.17147 0.158992 -0.46912 0.883134 0 -0.414014 -0 0 -1 0.158992 -0.883134 -0.46912 0 3.84942 0 0 0 1 960 960 
139 3.21534 2.16703 0.158992 -0.466078 0.884743 0 -0.418665 -0 0 -1 0.158992 -0.884743 -0.466078 0 3.85475 0 0 0 1 960 960 
140 3.22534 2.16258 0.158992 -0.463048 0.886333 0 -0.423286 -0 0 -1 0.158992 -0.886333 -0.463048 0 3.8601 0 0 0 1 960 960 
141 3.23534 2.15814 0.158992 -0.460028 0.887904 0 -0.427877 -0 0 -1 0.158992 -0.887904 -0.460028 0 3.86547 0 0 0 1 960 960 
142 3.24534 2.15369 0.158992 -0.457019 0.889457 0 -0.432438 -0 0 -1 0.158992 -0.889457 -0.457019 0 3.87087 0 0 0 1 960 960 
143 3.25534 2.14925 0.158992 -0.454022 0.890991 0 -0.436969 -0 0 -1 0.158992 -0.890991 -0.454022 0 3.87628 0 0 0 1 960 960 
144 3.26534 2.14481 0.158992 -0.451035 0.892506 0 -0.441471 -0 0 -1 0.158992 -0.892506 -0.451035 0 3.88172 0 0 0 1 960 960 
145 3.27534 2.14166 0.162239 -0.448468 0.893799 0 -0.445331 -0 0 -1 0.162239 -0.893799 -0.448468 0 3.88796 0 0 0 1 960 960 
146 3.28534 2.13851 0.165485 -0.445912 0.895077 0 -0.449165 -0 0 -1 0.165485 -0.895077 -0.445912 0 3.89422 0 0 0 1 960 960 
147 3.29534 2.13537 0.168732 -0.443367 0.89634 0 -0.452973 -0 0 -1 0.168732 -0.89634 -0.443367 0 3.90049 0 0 0 1 960 960 
148 3.30534 2.13092 0.168732 -0.440426 0.897789 0 -0.457362 -0 0 -1 0.168732 -0.897789 -0.440426 0 3.90601 0 0 0 1 960 960 
149 3.31534 2.12778 0.171979 -0.437905 0.899021 0 -0.461116 -0 0 -1 0.171979 -0.899021 -0.437905 0 3.91232 0 0 0 1 960 960 
150 3.32534 2.12463 0.175226 -0.435395 0.90024 0 -0.464845 -0 0 -1 0.175226 -0.90024 -0.435395 0 3.91865 0 0 0 1 960 960 
151 3.33534 2.12019 0.175226 -0.432489 0.901639 0 -0.469151 -0 0 -1 0.175226 -0.901639 -0.432489 0 3.92423 0 0 0 1 960 960 
152 3.34534 2.11704 0.178472 -0.430001 0.902828 0 -0.472827 -0 0 -1 0.178472 -0.902828 -0.430001 0 3.9306 0 0 0 1 960 960 
153 3.35534 2.1126 0.178472 -0.427118 0.904196 0 -0.477078 -0 0 -1 0.178472 -0.904196 -0.427118 0 3.93621 0 0 0 1 960 960 
154 3.36534 2.10815 0.178472 -0.424246 0.905547 0 -0.4813 -0 0 -1 0.178472 -0.905547 -0.424246 0 3.94185 0 0 0 1 960 960 
155 3.37534 2.10371 0.178472 -0.421386 0.906881 0 -0.485495 -0 0 -1 0.178472 -0.906881 -0.421386 0 3.9475 0 0 0 1 960 960 
156 3.38534 2.09926 0.178472 -0.418537 0.9082 0 -0.489662 -0 0 -1 0.178472 -0.9082 -0.418537 0 3.95318 0 0 0 1 960 960 
157 3.39534 2.09482 0.178472 -0.4157 0.909502 0 -0.493802 -0 0 -1 0.178472 -0.909502 -0.4157 0 3.95888 0 0 0 1 960 960 
158 3.40534 2.09038 0.178472 -0.412874 0.910788 0 -0.497914 -0 0 -1 0.178472 -0.910788 -0.412874 0 3.9646 0 0 0 1 960 960 
159 3.41534 2.08593 0.178472 -0.41006 0.912058 0 -0.501998 -0 0 -1 0.178472 -0.912058 -0.41006 0 3.97034 0 0 0 1 960 960 
160 3.42534 2.08149 0.178472 -0.407258 0.913313 0 -0.506056 -0 0 -1 0.178472 -0.913313 -0.407258 0 3.97611 0 0 0 1 960 960 
161 3.43534 2.07704 0.178472 -0.404467 0.914553 0 -0.510086 -0 0 -1 0.178472 -0.914553 -0.404467 0 3.98189 0 0 0 1 960 960 
162 3.44534 2.0726 0.178472 -0.401687 0.915777 0 -0.514089 -0 0 -1 0.178472 -0.915777 -0.401687 0 3.9877 0 0 0 1 960 960 
163 3.45534 2.06815 0.178472 -0.39892 0.916986 0 -0.518066 -0 0 -1 0.178472 -0.916986 -0.39892 0 3.99352 0 0 0 1 960 960 
164 3.46534 2.06371 0.178472 -0.396164 0.91818 0 -0.522016 -0 0 -1 0.178472 -0.91818 -0.396164 0 3.99937 0 0 0 1 960 960 
165 3.47534 2.05797 0.175226 -0.393011 0.919534 0 -0.526522 -0 0 -1 0.175226 -0.919534 -0.393011 0 4.00449 0 0 0 1 960 960 
166 3.48534 2.05352 0.175226 -0.390279 0.920697 0 -0.530418 -0 0 -1 0.175226 -0.920697 -0.390279 0 4.01038 0 0 0 1 960 960 
167 3.49534 2.04908 0.175226 -0.387558 0.921845 0 -0.534288 -0 0 -1 0.175226 -0.921845 -0.387558 0 4.0163 0 0 0 1 960 960 
168 3.50534 2.04333 0.171979 -0.384441 0.92315 0 -0.538709 -0 0 -1 0.171979 -0.92315 -0.384441 0 4.02149 0 0 0 1 960 960 
169 3.51534 2.03889 0.171979 -0.381743 0.924268 0 -0.542525 -0 0 -1 0.171979 -0.924268 -0.381743 0 4.02745 0 0 0 1 960 960 
170 3.52534 2.03445 0.171979 -0.379058 0.925373 0 -0.546315 -0 0 -1 0.171979 -0.925373 -0.379058 0 4.03342 0 0 0 1 960 960 
171 3.53534 2.03 0.171979 -0.376384 0.926464 0 -0.55008 -0 0 -1 0.171979 -0.926464 -0.376384 0 4.03942 0 0 0 1 960 960 
172 3.54534 2.02556 0.171979 -0.373721 0.927541 0 -0.55382 -0 0 -1 0.171979 -0.927541 -0.373721 0 4.04544 0 0 0 1 960 960 
173 3.55534 2.02111 0.171979 -0.37107 0.928605 0 -0.557534 -0 0 -1 0.171979 -0.928605 -0.37107 0 4.05148 0 0 0 1 960 960 
174 3.56534 2.01667 0.171979 -0.368431 0.929655 0 -0.561224 -0 0 -1 0.171979 -0.929655 -0.368431 0 4.05754 0 0 0 1 960 960 
175 3.57534 2.01092 0.168732 -0.365397 0.930852 0 -0.565454 -0 0 -1 0.168732 -0.930852 -0.365397 0 4.06289 0 0 0 1 960 960 
176 3.58534 2.00648 0.168732 -0.362782 0.931874 0 -0.569092 -0 0 -1 0.168732 -0.931874 -0.362782 0 4.069 0 0 0 1 960 960 
177 3.59534 2.00074 0.165485 -0.359771 0.93304 0 -0.573269 -0 0 -1 0.165485 -0.93304 -0.359771 0 4.0744 0 0 0 1 960 960 
178 3.60534 1.99629 0.165485 -0.35718 0.934036 0 -0.576856 -0 0 -1 0.165485 -0.934036 -0.35718 0 4.08055 0 0 0 1 960 960 
179 3.61534 1.99185 0.165485 -0.354599 0.935018 0 -0.580419 -0 0 -1 0.165485 -0.935018 -0.354599 0 4.08671 0 0 0 1 960 960 
180 3.62534 1.9874 0.165485 -0.35203 0.935989 0 -0.583958 -0 0 -1 0.165485 -0.935989 -0.35203 0 4.0929 0 0 0 1 960 960 
181 3.63534 1.98296 0.165485 -0.349473 0.936946 0 -0.587473 -0 0 -1 0.165485 -0.936946 -0.349473 0 4.09911 0 0 0 1 960 960 
182 3.64534 1.97722 0.162239 -0.346523 0.938042 0 -0.591519 -0 0 -1 0.162239 -0.938042 -0.346523 0 4.10463 0 0 0 1 960 960 
183 3.65534 1.97277 0.162239 -0.343989 0.938974 0 -0.594984 -0 0 -1 0.162239 -0.938974 -0.343989 0 4.11088 0 0 0 1 960 960 
184 3.66534 1.96703 0.158992 -0.341062 0.940041 0 -0.598978 -0 0 -1 0.158992 -0.940041 -0.341062 0 4.11644 0 0 0 1 960 960 
185 3.67534 1.96258 0.158992 -0.338552 0.940948 0 -0.602395 -0 0 -1 0.158992 -0.940948 -0.338552 0 4.12274 0 0 0 1 960 960 
186 3.68534 1.95814 0.158992 -0.336054 0.941843 0 -0.605789 -0 0 -1 0.158992 -0.941843 -0.336054 0 4.12905 0 0 0 1 960 960 
187 3.69534 1.95369 0.158992 -0.333566 0.942727 0 -0.60916 -0 0 -1 0.158992 -0.942727 -0.333566 0 4.13538 0 0 0 1 960 960 
188 3.70534 1.94925 0.158992 -0.331091 0.943599 0 -0.612508 -0 0 -1 0.158992 -0.943599 -0.331091 0 4.14173 0 0 0 1 960 960 
189 3.71534 1.94481 0.158992 -0.328627 0.94446 0 -0.615833 -0 0 -1 0.158992 -0.94446 -0.328627 0 4.1481 0 0 0 1 960 960 
190 3.72534 1.94036 0.158992 -0.326174 0.94531 0 -0.619136 -0 0 -1 0.158992 -0.94531 -0.326174 0 4.15449 0 0 0 1 960 960 
191 3.73534 1.93462 0.155745 -0.32333 0.946286 0 -0.622956 -0 0 -1 0.155745 -0.946286 -0.32333 0 4.16022 0 0 0 1 960 960 
192 3.74534 1.93017 0.155745 -0.320901 0.947113 0 -0.626212 -0 0 -1 0.155745 -0.947113 -0.320901 0 4.16665 0 0 0 1 960 960 
193 3.75534 1.92443 0.152498 -0.318081 0.948064 0 -0.629983 -0 0 -1 0.152498 -0.948064 -0.318081 0 4.17242 0 0 0 1 960 960 
194 3.76534 1.91999 0.152498 -0.315674 0.948868 0 -0.633193 -0 0 -1 0.152498 -0.948868 -0.315674 0 4.1789 0 0 0 1 960 960 
195 3.77534 1.91554 0.152498 -0.313279 0.949661 0 -0.636382 -0 0 -1 0.152498 -0.949661 -0.313279 0 4.18539 0 0 0 1 960 960 
196 3.78534 1.9111 0.152498 -0.310895 0.950444 0 -0.639549 -0 0 -1 0.152498 -0.950444 -0.310895 0 4.1919 0 0 0 1 960 960 
197 3.79534 1.90665 0.152498 -0.308522 0.951217 0 -0.642695 -0 0 -1 0.152498 -0.951217 -0.308522 0 4.19843 0 0 0 1 960 960 
198 3.80534 1.90221 0.152498 -0.306161 0.95198 0 -0.645819 -0 0 -1 0.152498 -0.95198 -0.306161 0 4.20498 0 0 0 1 960 960 
199 3.81534 1.89776 0.152498 -0.303811 0.952732 0 -0.648922 -0 0 -1 0.152498 -0.952732 -0.303811 0 4.21156 0 0 0 1 960 960 
200 3.82534 1.89332 0.152498 -0.301471 0.953475 0 -0.652004 -0 0 -1 0.152498 -0.953475 -0.301471 0 4.21814 0 0 0 1 960 960 
201 3.83534 1.88888 0.152498 -0.299143 0.954208 0 -0.655065 -0 0 -1 0.152498 -0.954208 -0.299143 0 4.22475 0 0 0 1 960 960 
202 3.84534 1.88443 0.152498 -0.296826 0.954931 0 -0.658105 -0 0 -1 0.152498 -0.954931 -0.296826 0 4.23138 0 0 0 1 960 960 
203 3.85534 1.87999 0.152498 -0.29452 0.955645 0 -0.661125 -0 0 -1 0.152498 -0.955645 -0.29452 0 4.23803 0 0 0 1 960 960 
204 3.86534 1.87554 0.152498 -0.292225 0.956349 0 -0.664124 -0 0 -1 0.152498 -0.956349 -0.292225 0 4.24469 0 0 0 1 960 960 
205 3.87534 1.8711 0.152498 -0.289941 0.957044 0 -0.667103 -0 0 -1 0.152498 -0.957044 -0.289941 0 4.25138 0 0 0 1 960 960 
206 3.88534 1.86665 0.152498 -0.287668 0.95773 0 -0.670062 -0 0 -1 0.152498 -0.95773 -0.287668 0 4.25808 0 0 0 1 960 960 
207 3.89534 1.86221 0.152498 -0.285406 0.958407 0 -0.673001 -0 0 -1 0.152498 -0.958407 -0.285406 0 4.2648 0 0 0 1 960 960 
208 3.90534 1.85776 0.152498 -0.283155 0.959074 0 -0.67592 -0 0 -1 0.152498 -0.959074 -0.283155 0 4.27154 0 0 0 1 960 960 
209 3.91534 1.85332 0.152498 -0.280914 0.959733 0 -0.678819 -0 0 -1 0.152498 -0.959733 -0.280914 0 4.2783 0 0 0 1 960 960 
210 3.92534 1.84888 0.152498 -0.278684 0.960383 0 -0.681698 -0 0 -1 0.152498 -0.960383 -0.278684 0 4.28508 0 0 0 1 960 960 
211 3.93534 1.84443 0.152498 -0.276465 0.961024 0 -0.684559 -0 0 -1 0.152498 -0.961024 -0.276465 0 4.29187 0 0 0 1 960 960 
212 3.94534 1.83999 0.152498 -0.274257 0.961657 0 -0.6874 -0 0 -1 0.152498 -0.961657 -0.274257 0 4.29869 0 0 0 1 960 960 
213 3.95534 1.83554 0.152498 -0.272059 0.962281 0 -0.690222 -0 0 -1 0.152498 -0.962281 -0.272059 0 4.30552 0 0 0 1 960 960 
214 3.96534 1.8311 0.152498 -0.269872 0.962896 0 -0.693024 -0 0 -1 0.152498 -0.962896 -0.269872 0 4.31237 0 0 0 1 960 960 
215 3.97534 1.82795 0.155745 -0.268086 0.963395 0 -0.69531 -0 0 -1 0.155745 -0.963395 -0.268086 0 4.31987 0 0 0 1 960 960 
216 3.98534 1.82481 0.158992 -0.266309 0.963888 0 -0.697579 -0 0 -1 0.158992 -0.963888 -0.266309 0 4.32738 0 0 0 1 960 960 
217 3.99534 1.82036 0.158992 -0.264152 0.964481 0 -0.700329 -0 0 -1 0.158992 -0.964481 -0.264152 0 4.33428 0 0 0 1 960 960 
218 4.00534 1.81592 0.158992 -0.262005 0.965066 0 -0.703061 -0 0 -1 0.158992 -0.965066 -0.262005 0 4.3412 0 0 0 1 960 960 
219 4.01534 1.81147 0.158992 -0.259869 0.965644 0 -0.705774 -0 0 -1 0.158992 -0.965644 -0.259869 0 4.34813 0 0 0 1 960 960 
220 4.02534 1.80833 0.162239 -0.258131 0.96611 0 -0.707979 -0 0 -1 0.162239 -0.96611 -0.258131 0 4.3557 0 0 0 1 960 960 
221 4.03534 1.80388 0.162239 -0.256015 0.966673 0 -0.710658 -0 0 -1 0.162239 -0.966673 -0.256015 0 4.36267 0 0 0 1 960 960 
222 4.04534 1.79944 0.162239 -0.253909 0.967228 0 -0.713319 -0 0 -1 0.162239 -0.967228 -0.253909 0 4.36966 0 0 0 1 960 960 
223 4.05534 1.79629 0.165485 -0.252199 0.967675 0 -0.715476 -0 0 -1 0.165485 -0.967675 -0.252199 0 4.37727 0 0 0 1 960 960 
224 4.06534 1.79315 0.168732 -0.250497 0.968117 0 -0.71762 -0 0 -1 0.168732 -0.968117 -0.250497 0 4.3849 0 0 0 1 960 960 
225 4.07534 1.7887 0.168732 -0.248421 0.968652 0 -0.720231 -0 0 -1 0.168732 -0.968652 -0.248421 0 4.39193 0 0 0 1 960 960 
226 4.08534 1.78426 0.168732 -0.246355 0.96918 0 -0.722825 -0 0 -1 0.168732 -0.96918 -0.246355 0 4.39899 0 0 0 1 960 960 
227 4.09534 1.77981 0.168732 -0.244298 0.9697 0 -0.725402 -0 0 -1 0.168732 -0.9697 -0.244298 0 4.40605 0 0 0 1 960 960 
228 4.10534 1.77537 0.168732 -0.242252 0.970213 0 -0.727962 -0 0 -1 0.168732 -0.970213 -0.242252 0 4.41314 0 0 0 1 960 960 
229 4.11534 1.77092 0.168732 -0.240215 0.97072 0 -0.730504 -0 0 -1 0.168732 -0.97072 -0.240215 0 4.42024 0 0 0 1 960 960 
230 4.12534 1.76648 0.168732 -0.238189 0.971219 0 -0.73303 -0 0 -1 0.168732 -0.971219 -0.238189 0 4.42736 0 0 0 1 960 960 
231 4.13534 1.76204 0.168732 -0.236172 0.971711 0 -0.735539 -0 0 -1 0.168732 -0.971711 -0.236172 0 4.4345 0 0 0 1 960 960 
232 4.14534 1.75759 0.168732 -0.234165 0.972197 0 -0.738032 -0 0 -1 0.168732 -0.972197 -0.234165 0 4.44165 0 0 0 1 960 960 
233 4.15534 1.75185 0.165485 -0.231789 0.972766 0 -0.740977 -0 0 -1 0.165485 -0.972766 -0.231789 0 4.44823 0 0 0 1 960 960 
234 4.16534 1.7474 0.165485 -0.229802 0.973237 0 -0.743435 -0 0 -1 0.165485 -0.973237 -0.229802 0 4.45542 0 0 0 1 960 960 
235 4.17534 1.74296 0.165485 -0.227825 0.973702 0 -0.745877 -0 0 -1 0.165485 -0.973702 -0.227825 0 4.46262 0 0 0 1 960 960 
236 4.18534 1.73851 0.165485 -0.225857 0.97416 0 -0.748303 -0 0 -1 0.165485 -0.97416 -0.225857 0 4.46984 0 0 0 1 960 960 
237 4.19534 1.73407 0.165485 -0.223899 0.974612 0 -0.750713 -0 0 -1 0.165485 -0.974612 -0.223899 0 4.47708 0 0 0 1 960 960 
238 4.20534 1.72963 0.165485 -0.221951 0.975058 0 -0.753107 -0 0 -1 0.165485 -0.975058 -0.221951 0 4.48434 0 0 0 1 960 960 
239 4.21534 1.72518 0.165485 -0.220012 0.975497 0 -0.755485 -0 0 -1 0.165485 -0.975497 -0.220012 0 4.49161 0 0 0 1 960 960 
240 4.22534 1.72074 0.165485 -0.218082 0.97593 0 -0.757848 -0 0 -1 0.165485 -0.97593 -0.218082 0 4.4989 0 0 0 1 960 960 
241 4.23534 1.71629 0.165485 -0.216162 0.976357 0 -0.760195 -0 0 -1 0.165485 -0.976357 -0.216162 0 4.5062 0 0 0 1 960 960 
242 4.24534 1.71185 0.165485 -0.214251 0.976779 0 -0.762527 -0 0 -1 0.165485 -0.976779 -0.214251 0 4.51352 0 0 0 1 960 960 
243 4.25534 1.7074 0.165485 -0.21235 0.977194 0 -0.764844 -0 0 -1 0.165485 -0.977194 -0.21235 0 4.52085 0 0 0 1 960 960 
244 4.26534 1.70296 0.165485 -0.210458 0.977603 0 -0.767145 -0 0 -1 0.165485 -0.977603 -0.210458 0 4.52821 0 0 0 1 960 960 
245 4.27534 1.69851 0.165485 -0.208575 0.978006 0 -0.769432 -0 0 -1 0.165485 -0.978006 -0.208575 0 4.53557 0 0 0 1 960 960 
246 4.28534 1.69407 0.165485 -0.206701 0.978404 0 -0.771704 -0 0 -1 0.165485 -0.978404 -0.206701 0 4.54296 0 0 0 1 960 960 
247 4.29534 1.68963 0.165485 -0.204836 0.978796 0 -0.77396 -0 0 -1 0.165485 -0.978796 -0.204836 0 4.55035 0 0 0 1 960 960 
248 4.30534 1.68518 0.165485 -0.20298 0.979183 0 -0.776203 -0 0 -1 0.165485 -0.979183 -0.20298 0 4.55777 0 0 0 1 960 960 
249 4.31534 1.68074 0.165485 -0.201133 0.979564 0 -0.77843 -0 0 -1 0.165485 -0.979564 -0.201133 0 4.5652 0 0 0 1 960 960 
250 4.32534 1.67629 0.165485 -0.199296 0.979939 0 -0.780644 -0 0 -1 0.165485 -0.979939 -0.199296 0 4.57265 0 0 0 1 960 960 
251 4.33534 1.67185 0.165485 -0.197467 0.98031 0 -0.782843 -0 0 -1 0.165485 -0.98031 -0.197467 0 4.58011 0 0 0 1 960 960 
252 4.34534 1.6674 0.165485 -0.195647 0.980674 0 -0.785027 -0 0 -1 0.165485 -0.980674 -0.195647 0 4.58758 0 0 0 1 960 960 
253 4.35534 1.66296 0.165485 -0.193836 0.981034 0 -0.787198 -0 0 -1 0.165485 -0.981034 -0.193836 0 4.59507 0 0 0 1 960 960 
254 4.36534 1.65851 0.165485 -0.192034 0.981388 0 -0.789354 -0 0 -1 0.165485 -0.981388 -0.192034 0 4.60258 0 0 0 1 960 960 
255 4.37534 1.65407 0.165485 -0.19024 0.981738 0 -0.791497 -0 0 -1 0.165485 -0.981738 -0.19024 0 4.6101 0 0 0 1 960 960 
256 4.38534 1.64963 0.165485 -0.188456 0.982082 0 -0.793626 -0 0 -1 0.165485 -0.982082 -0.188456 0 4.61764 0 0 0 1 960 960 
257 4.39534 1.64518 0.165485 -0.186679 0.982421 0 -0.795741 -0 0 -1 0.165485 -0.982421 -0.186679 0 4.62519 0 0 0 1 960 960 
258 4.40534 1.64074 0.165485 -0.184912 0.982755 0 -0.797843 -0 0 -1 0.165485 -0.982755 -0.184912 0 4.63276 0 0 0 1 960 960 
259 4.41534 1.63629 0.165485 -0.183153 0.983084 0 -0.799931 -0 0 -1 0.165485 -0.983084 -0.183153 0 4.64034 0 0 0 1 960 960 
260 4.42534 1.63185 0.165485 -0.181403 0.983409 0 -0.802006 -0 0 -1 0.165485 -0.983409 -0.181403 0 4.64794 0 0 0 1 960 960 
261 4.43534 1.6274 0.165485 -0.179661 0.983729 0 -0.804068 -0 0 -1 0.165485 -0.983729 -0.179661 0 4.65555 0 0 0 1 960 960 
262 4.44534 1.62296 0.165485 -0.177927 0.984044 0 -0.806116 -0 0 -1 0.165485 -0.984044 -0.177927 0 4.66317 0 0 0 1 960 960 
263 4.45534 1.61981 0.168732 -0.17656 0.98429 0 -0.807729 -0 0 -1 0.168732 -0.98429 -0.17656 0 4.67134 0 0 0 1 960 960 
264 4.46534 1.61537 0.168732 -0.174843 0.984596 0 -0.809753 -0 0 -1 0.168732 -0.984596 -0.174843 0 4.67899 0 0 0 1 960 960 
265 4.47534 1.61092 0.168732 -0.173134 0.984898 0 -0.811764 -0 0 -1 0.168732 -0.984898 -0.173134 0 4.68666 0 0 0 1 960 960 
266 4.48534 1.60518 0.165485 -0.171077 0.985258 0 -0.814181 -0 0 -1 0.165485 -0.985258 -0.171077 0 4.69382 0 0 0 1 960 960 
267 4.49534 1.60074 0.165485 -0.169385 0.98555 0 -0.816165 -0 0 -1 0.165485 -0.98555 -0.169385 0 4.70152 0 0 0 1 960 960 
268 4.50534 1.59629 0.165485 -0.167701 0.985838 0 -0.818137 -0 0 -1 0.165485 -0.985838 -0.167701 0 4.70923 0 0 0 1 960 960 
269 4.51534 1.59185 0.165485 -0.166025 0.986122 0 -0.820096 -0 0 -1 0.165485 -0.986122 -0.166025 0 4.71696 0 0 0 1 960 960 
270 4.52534 1.5861 0.162239 -0.164004 0.98646 0 -0.822456 -0 0 -1 0.162239 -0.98646 -0.164004 0 4.72419 0 0 0 1 960 960 
271 4.53534 1.58166 0.162239 -0.162345 0.986734 0 -0.824389 -0 0 -1 0.162239 -0.986734 -0.162345 0 4.73195 0 0 0 1 960 960 
272 4.54534 1.57722 0.162239 -0.160694 0.987004 0 -0.82631 -0 0 -1 0.162239 -0.987004 -0.160694 0 4.73972 0 0 0 1 960 960 
273 4.55534 1.57277 0.162239 -0.159051 0.98727 0 -0.828219 -0 0 -1 0.162239 -0.98727 -0.159051 0 4.7475 0 0 0 1 960 960 
274 4.56534 1.56833 0.162239 -0.157416 0.987532 0 -0.830116 -0 0 -1 0.162239 -0.987532 -0.157416 0 4.7553 0 0 0 1 960 960 
275 4.57534 1.56258 0.158992 -0.155439 0.987846 0 -0.832407 -0 0 -1 0.158992 -0.987846 -0.155439 0 4.76261 0 0 0 1 960 960 
276 4.58534 1.55814 0.158992 -0.15382 0.988099 0 -0.834279 -0 0 -1 0.158992 -0.988099 -0.15382 0 4.77044 0 0 0 1 960 960 
277 4.59534 1.55369 0.158992 -0.152209 0.988348 0 -0.836139 -0 0 -1 0.158992 -0.988348 -0.152209 0 4.77828 0 0 0 1 960 960 
278 4.60534 1.54925 0.158992 -0.150606 0.988594 0 -0.837988 -0 0 -1 0.158992 -0.988594 -0.150606 0 4.78613 0 0 0 1 960 960 
279 4.61534 1.54351 0.155745 -0.148663 0.988888 0 -0.840225 -0 0 -1 0.155745 -0.988888 -0.148663 0 4.79351 0 0 0 1 960 960 
280 4.62534 1.53906 0.155745 -0.147076 0.989125 0 -0.842049 -0 0 -1 0.155745 -0.989125 -0.147076 0 4.8014 0 0 0 1 960 960 
281 4.63534 1.53462 0.155745 -0.145497 0.989359 0 -0.843862 -0 0 -1 0.155745 -0.989359 -0.145497 0 4.80929 0 0 0 1 960 960 
282 4.64534 1.53017 0.155745 -0.143925 0.989589 0 -0.845664 -0 0 -1 0.155745 -0.989589 -0.143925 0 4.8172 0 0 0 1 960 960 
283 4.65534 1.52573 0.155745 -0.14236 0.989815 0 -0.847455 -0 0 -1 0.155745 -0.989815 -0.14236 0 4.82512 0 0 0 1 960 960 
284 4.66534 1.51999 0.152498 -0.14046 0.990086 0 -0.849627 -0 0 -1 0.152498 -0.990086 -0.14046 0 4.83258 0 0 0 1 960 960 
285 4.67534 1.51554 0.152498 -0.138911 0.990305 0 -0.851394 -0 0 -1 0.152498 -0.990305 -0.138911 0 4.84053 0 0 0 1 960 960 
286 4.68534 1.5111 0.152498 -0.137369 0.99052 0 -0.853151 -0 0 -1 0.152498 -0.99052 -0.137369 0 4.8485 0 0 0 1 960 960 
287 4.69534 1.50795 0.155745 -0.136177 0.990685 0 -0.854507 -0 0 -1 0.155745 -0.990685 -0.136177 0 4.85695 0 0 0 1 960 960 
288 4.70534 1.50351 0.155745 -0.13465 0.990893 0 -0.856244 -0 0 -1 0.155745 -0.990893 -0.13465 0 4.86493 0 0 0 1 960 960 
289 4.71534 1.49906 0.155745 -0.133129 0.991099 0 -0.857969 -0 0 -1 0.155745 -0.991099 -0.133129 0 4.87293 0 0 0 1 960 960 
290 4.72534 1.49462 0.155745 -0.131616 0.991301 0 -0.859684 -0 0 -1 0.155745 -0.991301 -0.131616 0 4.88095 0 0 0 1 960 960 
291 4.73534 1.49017 0.155745 -0.130111 0.991499 0 -0.861389 -0 0 -1 0.155745 -0.991499 -0.130111 0 4.88897 0 0 0 1 960 960 
292 4.74534 1.48573 0.155745 -0.128612 0.991695 0 -0.863083 -0 0 -1 0.155745 -0.991695 -0.128612 0 4.89701 0 0 0 1 960 960 
293 4.75534 1.48129 0.155745 -0.127121 0.991887 0 -0.864767 -0 0 -1 0.155745 -0.991887 -0.127121 0 4.90506 0 0 0 1 960 960 
294 4.76534 1.47554 0.152498 -0.125299 0.992119 0 -0.86682 -0 0 -1 0.152498 -0.992119 -0.125299 0 4.91266 0 0 0 1 960 960 
295 4.77534 1.4711 0.152498 -0.123823 0.992304 0 -0.868482 -0 0 -1 0.152498 -0.992304 -0.123823 0 4.92074 0 0 0 1 960 960 
296 4.78534 1.46535 0.149251 -0.122017 0.992528 0 -0.87051 -0 0 -1 0.149251 -0.992528 -0.122017 0 4.92838 0 0 0 1 960 960 
297 4.79534 1.46091 0.149251 -0.120555 0.992707 0 -0.872151 -0 0 -1 0.149251 -0.992707 -0.120555 0 4.93648 0 0 0 1 960 960 
298 4.80534 1.45647 0.149251 -0.1191 0.992882 0 -0.873782 -0 0 -1 0.149251 -0.992882 -0.1191 0 4.9446 0 0 0 1 960 960 
299 4.81534 1.45202 0.149251 -0.117652 0.993055 0 -0.875403 -0 0 -1 0.149251 -0.993055 -0.117652 0 4.95273 0 0 0 1 960 960 
300 4.82534 1.44628 0.146005 -0.115878 0.993263 0 -0.877386 -0 0 -1 0.146005 -0.993263 -0.115878 0 4.96042 0 0 0 1 960 960 
301 4.83534 1.44183 0.146005 -0.114444 0.99343 0 -0.878986 -0 0 -1 0.146005 -0.99343 -0.114444 0 4.96858 0 0 0 1 960 960 
302 4.84534 1.43739 0.146005 -0.113017 0.993593 0 -0.880577 -0 0 -1 0.146005 -0.993593 -0.113017 0 4.97674 0 0 0 1 960 960 
303 4.85534 1.43294 0.146005 -0.111596 0.993754 0 -0.882158 -0 0 -1 0.146005 -0.993754 -0.111596 0 4.98492 0 0 0 1 960 960 
304 4.86534 1.4272 0.142758 -0.109852 0.993948 0 -0.884096 -0 0 -1 0.142758 -0.993948 -0.109852 0 4.99267 0 0 0 1 960 960 
305 4.87534 1.42276 0.142758 -0.108446 0.994102 0 -0.885657 -0 0 -1 0.142758 -0.994102 -0.108446 0 5.00087 0 0 0 1 960 960 
306 4.88534 1.41831 0.142758 -0.107046 0.994254 0 -0.887208 -0 0 -1 0.142758 -0.994254 -0.107046 0 5.00909 0 0 0 1 960 960 
307 4.89534 1.41387 0.142758 -0.105652 0.994403 0 -0.888751 -0 0 -1 0.142758 -0.994403 -0.105652 0 5.01732 0 0 0 1 960 960 
308 4.90534 1.40942 0.142758 -0.104266 0.99455 0 -0.890284 -0 0 -1 0.142758 -0.99455 -0.104266 0 5.02555 0 0 0 1 960 960 
309 4.91534 1.40368 0.139511 -0.102559 0.994727 0 -0.892168 -0 0 -1 0.139511 -0.994727 -0.102559 0 5.03338 0 0 0 1 960 960 
310 4.92534 1.39924 0.139511 -0.101185 0.994868 0 -0.893682 -0 0 -1 0.139511 -0.994868 -0.101185 0 5.04164 0 0 0 1 960 960 
311 4.93534 1.39479 0.139511 -0.0998186 0.995006 0 -0.895187 -0 0 -1 0.139511 -0.995006 -0.0998186 0 5.04991 0 0 0 1 960 960 
312 4.94534 1.39035 0.139511 -0.0984582 0.995141 0 -0.896683 -0 0 -1 0.139511 -0.995141 -0.0984582 0 5.0582 0 0 0 1 960 960 
313 4.95534 1.3859 0.139511 -0.097104 0.995274 0 -0.89817 -0 0 -1 0.139511 -0.995274 -0.097104 0 5.06649 0 0 0 1 960 960 
314 4.96534 1.38146 0.139511 -0.0957562 0.995405 0 -0.899649 -0 0 -1 0.139511 -0.995405 -0.0957562 0 5.0748 0 0 0 1 960 960 
315 4.97534 1.37701 0.139511 -0.0944146 0.995533 0 -0.901118 -0 0 -1 0.139511 -0.995533 -0.0944146 0 5.08312 0 0 0 1 960 960 
316 4.98534 1.37257 0.139511 -0.0930792 0.995659 0 -0.902579 -0 0 -1 0.139511 -0.995659 -0.0930792 0 5.09145 0 0 0 1 960 960 
317 4.99534 1.36812 0.139511 -0.09175 0.995782 0 -0.904032 -0 0 -1 0.139511 -0.995782 -0.09175 0 5.09979 0 0 0 1 960 960 
318 5.00534 1.36368 0.139511 -0.090427 0.995903 0 -0.905476 -0 0 -1 0.139511 -0.995903 -0.090427 0 5.10814 0 0 0 1 960 960 
319 5.01534 1.35924 0.139511 -0.0891101 0.996022 0 -0.906912 -0 0 -1 0.139511 -0.996022 -0.0891101 0 5.11651 0 0 0 1 960 960 
320 5.02534 1.35479 0.139511 -0.0877993 0.996138 0 -0.908339 -0 0 -1 0.139511 -0.996138 -0.0877993 0 5.12488 0 0 0 1 960 960 
321 5.03534 1.35035 0.139511 -0.0864945 0.996252 0 -0.909758 -0 0 -1 0.139511 -0.996252 -0.0864945 0 5.13326 0 0 0 1 960 960 
322 5.04534 1.3459 0.139511 -0.0851957 0.996364 0 -0.911169 -0 0 -1 0.139511 -0.996364 -0.0851957 0 5.14166 0 0 0 1 960 960 
323 5.05534 1.34146 0.139511 -0.0839028 0.996474 0 -0.912571 -0 0 -1 0.139511 -0.996474 -0.0839028 0 5.15006 0 0 0 1 960 960 
324 5.06534 1.33701 0.139511 -0.082616 0.996581 0 -0.913965 -0 0 -1 0.139511 -0.996581 -0.082616 0 5.15848 0 0 0 1 960 960 
