0 1.81534 1.28981 0.158992 -0.334916 0.942248 0 -0.607332 -0 0 -1 0.158992 -0.942248 -0.334916 0 2.14247 0 0 0 1 960 960 
1 1.8146 1.29481 0.165485 -0.340303 0.940316 0 -0.600013 -0 0 -1 0.165485 -0.940316 -0.340303 0 2.14692 0 0 0 1 960 960 
2 1.81127 1.29981 0.165485 -0.34664 0.937998 0 -0.591358 -0 0 -1 0.165485 -0.937998 -0.34664 0 2.14953 0 0 0 1 960 960 
3 1.80793 1.30481 0.165485 -0.352982 0.93563 0 -0.582649 -0 0 -1 0.165485 -0.93563 -0.352982 0 2.15213 0 0 0 1 960 960 
4 1.8059 1.30981 0.168732 -0.358823 0.933406 0 -0.574583 -0 0 -1 0.168732 -0.933406 -0.358823 0 2.15562 0 0 0 1 960 960 
5 1.80257 1.31481 0.168732 -0.365162 0.930944 0 -0.565781 -0 0 -1 0.168732 -0.930944 -0.365162 0 2.1582 0 0 0 1 960 960 
6 1.79923 1.31981 0.168732 -0.371504 0.928431 0 -0.556927 -0 0 -1 0.168732 -0.928431 -0.371504 0 2.16078 0 0 0 1 960 960 
7 1.7959 1.32481 0.168732 -0.377846 0.925868 0 -0.548022 -0 0 -1 0.168732 -0.925868 -0.377846 0 2.16334 0 0 0 1 960 960 
8 1.79257 1.32981 0.168732 -0.384189 0.923254 0 -0.539066 -0 0 -1 0.168732 -0.923254 -0.384189 0 2.16589 0 0 0 1 960 960 
9 1.78923 1.33481 0.168732 -0.39053 0.92059 0 -0.53006 -0 0 -1 0.168732 -0.92059 -0.39053 0 2.16843 0 0 0 1 960 960 
10 1.7859 1.33981 0.168732 -0.39687 0.917875 0 -0.521005 -0 0 -1 0.168732 -0.917875 -0.39687 0 2.17096 0 0 0 1 960 960 
11 1.78257 1.34481 0.168732 -0.403206 0.915109 0 -0.511903 -0 0 -1 0.168732 -0.915109 -0.403206 0 2.17348 0 0 0 1 960 960 
12 1.77923 1.34981 0.168732 -0.409539 0.912293 0 -0.502754 -0 0 -1 0.168732 -0.912293 -0.409539 0 2.17598 0 0 0 1 960 960 
13 1.7759 1.35481 0.168732 -0.415866 0.909426 0 -0.49356 -0 0 -1 0.168732 -0.909426 -0.415866 0 2.17847 0 0 0 1 960 960 
14 1.77257 1.35981 0.168732 -0.422187 0.906509 0 -0.484321 -0 0 -1 0.168732 -0.906509 -0.422187 0 2.18094 0 0 0 1 960 960 
15 1.76923 1.36481 0.168732 -0.428502 0.903541 0 -0.475039 -0 0 -1 0.168732 -0.903541 -0.428502 0 2.1834 0 0 0 1 960 960 
16 1.7672 1.36981 0.171979 -0.434211 0.900811 0 -0.4666 -0 0 -1 0.171979 -0.900811 -0.434211 0 2.1867 0 0 0 1 960 960 
17 1.76386 1.37481 0.171979 -0.440501 0.897752 0 -0.457251 -0 0 -1 0.171979 -0.897752 -0.440501 0 2.18912 0 0 0 1 960 960 
18 1.76053 1.37981 0.171979 -0.446781 0.894643 0 -0.447862 -0 0 -1 0.171979 -0.894643 -0.446781 0 2.19152 0 0 0 1 960 960 
19 1.7585 1.38481 0.175226 -0.452434 0.891798 0 -0.439364 -0 0 -1 0.175226 -0.891798 -0.452434 0 2.19476 0 0 0 1 960 960 
20 1.75646 1.38981 0.178472 -0.458062 0.88892 0 -0.430858 -0 0 -1 0.178472 -0.88892 -0.458062 0 2.19797 0 0 0 1 960 960 
21 1.75313 1.39481 0.178472 -0.464293 0.885682 0 -0.421388 -0 0 -1 0.178472 -0.885682 -0.464293 0 2.20031 0 0 0 1 960 960 
22 1.74979 1.39981 0.178472 -0.470511 0.882394 0 -0.411884 -0 0 -1 0.178472 -0.882394 -0.470511 0 2.20263 0 0 0 1 960 960 
23 1.74646 1.40481 0.178472 -0.476713 0.879059 0 -0.402345 -0 0 -1 0.178472 -0.879059 -0.476713 0 2.20493 0 0 0 1 960 960 
24 1.74313 1.40981 0.178472 -0.482901 0.875675 0 -0.392775 -0 0 -1 0.178472 -0.875675 -0.482901 0 2.20721 0 0 0 1 960 960 
25 1.73979 1.41481 0.178472 -0.489071 0.872244 0 -0.383173 -0 0 -1 0.178472 -0.872244 -0.489071 0 2.20947 0 0 0 1 960 960 
26 1.73646 1.41981 0.178472 -0.495223 0.868766 0 -0.373542 -0 0 -1 0.178472 -0.868766 -0.495223 0 2.2117 0 0 0 1 960 960 
27 1.73183 1.42481 0.175226 -0.502023 0.864854 0 -0.362831 -0 0 -1 0.175226 -0.864854 -0.502023 0 2.21307 0 0 0 1 960 960 
28 1.7272 1.42981 0.171979 -0.508816 0.860875 0 -0.35206 -0 0 -1 0.171979 -0.860875 -0.508816 0 2.21441 0 0 0 1 960 960 
29 1.72386 1.43481 0.171979 -0.51492 0.857238 0 -0.342318 -0 0 -1 0.171979 -0.857238 -0.51492 0 2.21657 0 0 0 1 960 960 
30 1.71923 1.43981 0.168732 -0.521688 0.853137 0 -0.331449 -0 0 -1 0.168732 -0.853137 -0.521688 0 2.21787 0 0 0 1 960 960 
31 1.7159 1.44481 0.168732 -0.527753 0.849398 0 -0.321646 -0 0 -1 0.168732 -0.849398 -0.527753 0 2.21998 0 0 0 1 960 960 
32 1.71127 1.44981 0.165485 -0.53449 0.845175 0 -0.310685 -0 0 -1 0.165485 -0.845175 -0.53449 0 2.22123 0 0 0 1 960 960 
33 1.70663 1.45481 0.162239 -0.541213 0.840886 0 -0.299673 -0 0 -1 0.162239 -0.840886 -0.541213 0 2.22244 0 0 0 1 960 960 
34 1.7033 1.45981 0.162239 -0.547212 0.836994 0 -0.289782 -0 0 -1 0.162239 -0.836994 -0.547212 0 2.22448 0 0 0 1 960 960 
35 1.69997 1.46481 0.162239 -0.553184 0.833059 0 -0.279876 -0 0 -1 0.162239 -0.833059 -0.553184 0 2.22648 0 0 0 1 960 960 
36 1.69534 1.46981 0.158992 -0.559845 0.828598 0 -0.268753 -0 0 -1 0.158992 -0.828598 -0.559845 0 2.22761 0 0 0 1 960 960 
37 1.6907 1.47481 0.155745 -0.566486 0.824071 0 -0.257585 -0 0 -1 0.155745 -0.824071 -0.566486 0 2.22872 0 0 0 1 960 960 
38 1.68737 1.47981 0.155745 -0.572378 0.81999 0 -0.247611 -0 0 -1 0.155745 -0.81999 -0.572378 0 2.23064 0 0 0 1 960 960 
39 1.68274 1.48481 0.152498 -0.578971 0.815348 0 -0.236377 -0 0 -1 0.152498 -0.815348 -0.578971 0 2.23168 0 0 0 1 960 960 
40 1.67941 1.48981 0.152498 -0.584803 0.811175 0 -0.226372 -0 0 -1 0.152498 -0.811175 -0.584803 0 2.23354 0 0 0 1 960 960 
41 1.67477 1.49481 0.149251 -0.591342 0.806421 0 -0.215079 -0 0 -1 0.149251 -0.806421 -0.591342 0 2.23451 0 0 0 1 960 960 
42 1.67144 1.49981 0.149251 -0.597111 0.802159 0 -0.205048 -0 0 -1 0.149251 -0.802159 -0.597111 0 2.23631 0 0 0 1 960 960 
43 1.66811 1.50481 0.149251 -0.602844 0.797859 0 -0.195015 -0 0 -1 0.149251 -0.797859 -0.602844 0 2.23808 0 0 0 1 960 960 
44 1.66347 1.50981 0.146005 -0.609291 0.792947 0 -0.183656 -0 0 -1 0.146005 -0.792947 -0.609291 0 2.23896 0 0 0 1 960 960 
45 1.66014 1.51481 0.146005 -0.614954 0.788563 0 -0.173608 -0 0 -1 0.146005 -0.788563 -0.614954 0 2.24066 0 0 0 1 960 960 
46 1.65681 1.51981 0.146005 -0.62058 0.784143 0 -0.163562 -0 0 -1 0.146005 -0.784143 -0.62058 0 2.24234 0 0 0 1 960 960 
47 1.65218 1.52481 0.142758 -0.626925 0.779079 0 -0.152154 -0 0 -1 0.142758 -0.779079 -0.626925 0 2.24312 0 0 0 1 960 960 
48 1.64884 1.52981 0.142758 -0.632476 0.77458 0 -0.142104 -0 0 -1 0.142758 -0.77458 -0.632476 0 2.24473 0 0 0 1 960 960 
49 1.64551 1.53481 0.142758 -0.637986 0.770048 0 -0.132061 -0 0 -1 0.142758 -0.770048 -0.637986 0 2.24631 0 0 0 1 960 960 
50 1.64218 1.53981 0.142758 -0.643456 0.765483 0 -0.122026 -0 0 -1 0.142758 -0.765483 -0.643456 0 2.24786 0 0 0 1 960 960 
51 1.63754 1.54481 0.139511 -0.649649 0.760234 0 -0.110584 -0 0 -1 0.139511 -0.760234 -0.649649 0 2.2485 0 0 0 1 960 960 
52 1.63421 1.54981 0.139511 -0.655037 0.755597 0 -0.100559 -0 0 -1 0.139511 -0.755597 -0.655037 0 2.24998 0 0 0 1 960 960 
53 1.63088 1.55481 0.139511 -0.660382 0.750929 0 -0.090547 -0 0 -1 0.139511 -0.750929 -0.660382 0 2.25144 0 0 0 1 960 960 
54 1.62754 1.55981 0.139511 -0.665684 0.746234 0 -0.0805493 -0 0 -1 0.139511 -0.746234 -0.665684 0 2.25287 0 0 0 1 960 960 
55 1.62421 1.56481 0.139511 -0.670942 0.74151 0 -0.0705676 -0 0 -1 0.139511 -0.74151 -0.670942 0 2.25426 0 0 0 1 960 960 
56 1.62088 1.56981 0.139511 -0.676156 0.736759 0 -0.0606032 -0 0 -1 0.139511 -0.736759 -0.676156 0 2.25563 0 0 0 1 960 960 
57 1.61754 1.57481 0.139511 -0.681324 0.731982 0 -0.0506577 -0 0 -1 0.139511 -0.731982 -0.681324 0 2.25697 0 0 0 1 960 960 
58 1.61421 1.57981 0.139511 -0.686447 0.72718 0 -0.0407324 -0 0 -1 0.139511 -0.72718 -0.686447 0 2.25827 0 0 0 1 960 960 
59 1.61088 1.58481 0.139511 -0.691524 0.722353 0 -0.0308288 -0 0 -1 0.139511 -0.722353 -0.691524 0 2.25955 0 0 0 1 960 960 
60 1.60754 1.58981 0.139511 -0.696555 0.717503 0 -0.0209482 -0 0 -1 0.139511 -0.717503 -0.696555 0 2.26081 0 0 0 1 960 960 
61 1.60421 1.59481 0.139511 -0.701539 0.712631 0 -0.0110921 -0 0 -1 0.139511 -0.712631 -0.701539 0 2.26203 0 0 0 1 960 960 
62 1.60088 1.59981 0.139511 -0.706476 0.707737 0 -0.00126158 -0 0 -1 0.139511 -0.707737 -0.706476 0 2.26322 0 0 0 1 960 960 
63 1.59754 1.60481 0.139511 -0.711365 0.702823 0 0.00854174 -0 0 -1 0.139511 -0.702823 -0.711365 0 2.26439 0 0 0 1 960 960 
64 1.59421 1.60981 0.139511 -0.716206 0.697889 0 0.0183167 -0 0 -1 0.139511 -0.697889 -0.716206 0 2.26553 0 0 0 1 960 960 
65 1.59088 1.61481 0.139511 -0.720999 0.692936 0 0.0280621 -0 0 -1 0.139511 -0.692936 -0.720999 0 2.26665 0 0 0 1 960 960 
66 1.58754 1.61981 0.139511 -0.725743 0.687966 0 0.0377766 -0 0 -1 0.139511 -0.687966 -0.725743 0 2.26774 0 0 0 1 960 960 
67 1.58421 1.62481 0.139511 -0.730438 0.682979 0 0.0474589 -0 0 -1 0.139511 -0.682979 -0.730438 0 2.2688 0 0 0 1 960 960 
68 1.57958 1.62981 0.136264 -0.73584 0.677156 0 0.0586839 -0 0 -1 0.136264 -0.677156 -0.73584 0 2.2689 0 0 0 1 960 960 
69 1.57495 1.63481 0.133018 -0.741188 0.671297 0 0.069891 -0 0 -1 0.133018 -0.671297 -0.741188 0 2.26896 0 0 0 1 960 960 
70 1.57161 1.63981 0.133018 -0.745731 0.666248 0 0.0794828 -0 0 -1 0.133018 -0.666248 -0.745731 0 2.26994 0 0 0 1 960 960 
71 1.56828 1.64481 0.133018 -0.750223 0.661185 0 0.0890372 -0 0 -1 0.133018 -0.661185 -0.750223 0 2.27089 0 0 0 1 960 960 
72 1.56495 1.64981 0.133018 -0.754664 0.656111 0 0.0985533 -0 0 -1 0.133018 -0.656111 -0.754664 0 2.27183 0 0 0 1 960 960 
73 1.56161 1.65481 0.133018 -0.759056 0.651026 0 0.10803 -0 0 -1 0.133018 -0.651026 -0.759056 0 2.27274 0 0 0 1 960 960 
74 1.55828 1.65981 0.133018 -0.763396 0.64593 0 0.117466 -0 0 -1 0.133018 -0.64593 -0.763396 0 2.27363 0 0 0 1 960 960 
75 1.55495 1.66481 0.133018 -0.767686 0.640826 0 0.126861 -0 0 -1 0.133018 -0.640826 -0.767686 0 2.2745 0 0 0 1 960 960 
76 1.55161 1.66981 0.133018 -0.771926 0.635713 0 0.136213 -0 0 -1 0.133018 -0.635713 -0.771926 0 2.27535 0 0 0 1 960 960 
77 1.54828 1.67481 0.133018 -0.776114 0.630593 0 0.145522 -0 0 -1 0.133018 -0.630593 -0.776114 0 2.27617 0 0 0 1 960 960 
78 1.54495 1.67981 0.133018 -0.780252 0.625466 0 0.154786 -0 0 -1 0.133018 -0.625466 -0.780252 0 2.27698 0 0 0 1 960 960 
79 1.54161 1.68481 0.133018 -0.784338 0.620333 0 0.164005 -0 0 -1 0.133018 -0.620333 -0.784338 0 2.27777 0 0 0 1 960 960 
80 1.53698 1.68981 0.129771 -0.789094 0.614272 0 0.174822 -0 0 -1 0.129771 -0.614272 -0.789094 0 2.27754 0 0 0 1 960 960 
81 1.53365 1.69481 0.129771 -0.793075 0.609124 0 0.183952 -0 0 -1 0.129771 -0.609124 -0.793075 0 2.27829 0 0 0 1 960 960 
82 1.53031 1.69981 0.129771 -0.797005 0.603972 0 0.193033 -0 0 -1 0.129771 -0.603972 -0.797005 0 2.27902 0 0 0 1 960 960 
83 1.52438 1.70481 0.123277 -0.8023 0.596921 0 0.20538 -0 0 -1 0.123277 -0.596921 -0.8023 0 2.2777 0 0 0 1 960 960 
84 1.52105 1.70981 0.123277 -0.80612 0.591752 0 0.214368 -0 0 -1 0.123277 -0.591752 -0.80612 0 2.27839 0 0 0 1 960 960 
85 1.51772 1.71481 0.123277 -0.809889 0.586583 0 0.223306 -0 0 -1 0.123277 -0.586583 -0.809889 0 2.27907 0 0 0 1 960 960 
86 1.51438 1.71981 0.123277 -0.813607 0.581415 0 0.232192 -0 0 -1 0.123277 -0.581415 -0.813607 0 2.27973 0 0 0 1 960 960 
87 1.51105 1.72481 0.123277 -0.817275 0.576248 0 0.241026 -0 0 -1 0.123277 -0.576248 -0.817275 0 2.28038 0 0 0 1 960 960 
88 1.50772 1.72981 0.123277 -0.820892 0.571084 0 0.249808 -0 0 -1 0.123277 -0.571084 -0.820892 0 2.28102 0 0 0 1 960 960 
89 1.50438 1.73481 0.123277 -0.824458 0.565922 0 0.258536 -0 0 -1 0.123277 -0.565922 -0.824458 0 2.28164 0 0 0 1 960 960 
90 1.50105 1.73981 0.123277 -0.827975 0.560765 0 0.26721 -0 0 -1 0.123277 -0.560765 -0.827975 0 2.28225 0 0 0 1 960 960 
91 1.49772 1.74481 0.123277 -0.831442 0.555611 0 0.275831 -0 0 -1 0.123277 -0.555611 -0.831442 0 2.28285 0 0 0 1 960 960 
92 1.49308 1.74981 0.120031 -0.835524 0.549454 0 0.286069 -0 0 -1 0.120031 -0.549454 -0.835524 0 2.28239 0 0 0 1 960 960 
93 1.48975 1.75481 0.120031 -0.838886 0.544307 0 0.29458 -0 0 -1 0.120031 -0.544307 -0.838886 0 2.28296 0 0 0 1 960 960 
94 1.48642 1.75981 0.120031 -0.8422 0.539166 0 0.303034 -0 0 -1 0.120031 -0.539166 -0.8422 0 2.28353 0 0 0 1 960 960 
95 1.48308 1.76481 0.120031 -0.845464 0.534032 0 0.311432 -0 0 -1 0.120031 -0.534032 -0.845464 0 2.2841 0 0 0 1 960 960 
96 1.47975 1.76981 0.120031 -0.84868 0.528907 0 0.319773 -0 0 -1 0.120031 -0.528907 -0.84868 0 2.28465 0 0 0 1 960 960 
97 1.47642 1.77481 0.120031 -0.851847 0.52379 0 0.328057 -0 0 -1 0.120031 -0.52379 -0.851847 0 2.2852 0 0 0 1 960 960 
98 1.47438 1.77981 0.123277 -0.854335 0.519722 0 0.334613 -0 0 -1 0.123277 -0.519722 -0.854335 0 2.28682 0 0 0 1 960 960 
99 1.47105 1.78481 0.123277 -0.857413 0.51463 0 0.342783 -0 0 -1 0.123277 -0.51463 -0.857413 0 2.28736 0 0 0 1 960 960 
100 1.46772 1.78981 0.123277 -0.860443 0.509547 0 0.350895 -0 0 -1 0.123277 -0.509547 -0.860443 0 2.2879 0 0 0 1 960 960 
101 1.46568 1.79481 0.126524 -0.862811 0.505527 0 0.357284 -0 0 -1 0.126524 -0.505527 -0.862811 0 2.28952 0 0 0 1 960 960 
102 1.46235 1.79981 0.126524 -0.865753 0.500471 0 0.365282 -0 0 -1 0.126524 -0.500471 -0.865753 0 2.29005 0 0 0 1 960 960 
103 1.45902 1.80481 0.126524 -0.868649 0.495428 0 0.373221 -0 0 -1 0.126524 -0.495428 -0.868649 0 2.29058 0 0 0 1 960 960 
104 1.45568 1.80981 0.126524 -0.871499 0.490397 0 0.381102 -0 0 -1 0.126524 -0.490397 -0.871499 0 2.29111 0 0 0 1 960 960 
105 1.45235 1.81481 0.126524 -0.874303 0.48538 0 0.388924 -0 0 -1 0.126524 -0.48538 -0.874303 0 2.29163 0 0 0 1 960 960 
106 1.44902 1.81981 0.126524 -0.877063 0.480376 0 0.396687 -0 0 -1 0.126524 -0.480376 -0.877063 0 2.29216 0 0 0 1 960 960 
107 1.44568 1.82481 0.126524 -0.879777 0.475386 0 0.404391 -0 0 -1 0.126524 -0.475386 -0.879777 0 2.29268 0 0 0 1 960 960 
108 1.44235 1.82981 0.126524 -0.882448 0.470411 0 0.412037 -0 0 -1 0.126524 -0.470411 -0.882448 0 2.2932 0 0 0 1 960 960 
109 1.43902 1.83481 0.126524 -0.885074 0.465451 0 0.419623 -0 0 -1 0.126524 -0.465451 -0.885074 0 2.29373 0 0 0 1 960 960 
110 1.43698 1.83981 0.129771 -0.887095 0.461587 0 0.425508 -0 0 -1 0.129771 -0.461587 -0.887095 0 2.29537 0 0 0 1 960 960 
111 1.43365 1.84481 0.129771 -0.88964 0.456662 0 0.432979 -0 0 -1 0.129771 -0.456662 -0.88964 0 2.29591 0 0 0 1 960 960 
112 1.43291 1.84981 0.136264 -0.891043 0.453919 0 0.437124 -0 0 -1 0.136264 -0.453919 -0.891043 0 2.29868 0 0 0 1 960 960 
113 1.42958 1.85481 0.136264 -0.893516 0.449032 0 0.444484 -0 0 -1 0.136264 -0.449032 -0.893516 0 2.29922 0 0 0 1 960 960 
114 1.42754 1.85981 0.139511 -0.895408 0.445247 0 0.450161 -0 0 -1 0.139511 -0.445247 -0.895408 0 2.30089 0 0 0 1 960 960 
115 1.42421 1.86481 0.139511 -0.897803 0.440396 0 0.457407 -0 0 -1 0.139511 -0.440396 -0.897803 0 2.30145 0 0 0 1 960 960 
116 1.42088 1.86981 0.139511 -0.900158 0.435564 0 0.464594 -0 0 -1 0.139511 -0.435564 -0.900158 0 2.302 0 0 0 1 960 960 
117 1.41754 1.87481 0.139511 -0.902472 0.430749 0 0.471723 -0 0 -1 0.139511 -0.430749 -0.902472 0 2.30256 0 0 0 1 960 960 
118 1.41421 1.87981 0.139511 -0.904746 0.425952 0 0.478794 -0 0 -1 0.139511 -0.425952 -0.904746 0 2.30313 0 0 0 1 960 960 
119 1.41218 1.88481 0.142758 -0.906471 0.422268 0 0.484203 -0 0 -1 0.142758 -0.422268 -0.906471 0 2.30484 0 0 0 1 960 960 
120 1.40884 1.88981 0.142758 -0.908672 0.417511 0 0.491161 -0 0 -1 0.142758 -0.417511 -0.908672 0 2.30542 0 0 0 1 960 960 
121 1.40551 1.89481 0.142758 -0.910834 0.412773 0 0.498061 -0 0 -1 0.142758 -0.412773 -0.910834 0 2.30601 0 0 0 1 960 960 
122 1.40218 1.89981 0.142758 -0.912958 0.408054 0 0.504904 -0 0 -1 0.142758 -0.408054 -0.912958 0 2.30661 0 0 0 1 960 960 
123 1.40014 1.90481 0.146005 -0.914558 0.404454 0 0.510104 -0 0 -1 0.146005 -0.404454 -0.914558 0 2.30835 0 0 0 1 960 960 
124 1.39681 1.90981 0.146005 -0.916613 0.399777 0 0.516836 -0 0 -1 0.146005 -0.399777 -0.916613 0 2.30896 0 0 0 1 960 960 
125 1.39347 1.91481 0.146005 -0.91863 0.395119 0 0.523511 -0 0 -1 0.146005 -0.395119 -0.91863 0 2.30959 0 0 0 1 960 960 
126 1.39014 1.91981 0.146005 -0.92061 0.390482 0 0.530128 -0 0 -1 0.146005 -0.390482 -0.92061 0 2.31022 0 0 0 1 960 960 
127 1.38681 1.92481 0.146005 -0.922555 0.385866 0 0.536689 -0 0 -1 0.146005 -0.385866 -0.922555 0 2.31086 0 0 0 1 960 960 
128 1.38347 1.92981 0.146005 -0.924463 0.381271 0 0.543192 -0 0 -1 0.146005 -0.381271 -0.924463 0 2.31151 0 0 0 1 960 960 
129 1.38014 1.93481 0.146005 -0.926337 0.376697 0 0.54964 -0 0 -1 0.146005 -0.376697 -0.926337 0 2.31218 0 0 0 1 960 960 
130 1.37681 1.93981 0.146005 -0.928175 0.372144 0 0.55603 -0 0 -1 0.146005 -0.372144 -0.928175 0 2.31285 0 0 0 1 960 960 
131 1.37477 1.94481 0.149251 -0.929541 0.368718 0 0.560823 -0 0 -1 0.149251 -0.368718 -0.929541 0 2.31468 0 0 0 1 960 960 
132 1.37144 1.94981 0.149251 -0.931317 0.364209 0 0.567108 -0 0 -1 0.149251 -0.364209 -0.931317 0 2.31538 0 0 0 1 960 960 
133 1.3707 1.95481 0.155745 -0.932206 0.361929 0 0.570276 -0 0 -1 0.155745 -0.361929 -0.932206 0 2.31838 0 0 0 1 960 960 
134 1.36737 1.95981 0.155745 -0.933927 0.357465 0 0.576461 -0 0 -1 0.155745 -0.357465 -0.933927 0 2.3191 0 0 0 1 960 960 
135 1.36404 1.96481 0.155745 -0.935615 0.353023 0 0.582592 -0 0 -1 0.155745 -0.353023 -0.935615 0 2.31984 0 0 0 1 960 960 
136 1.362 1.96981 0.158992 -0.93686 0.349705 0 0.587155 -0 0 -1 0.158992 -0.349705 -0.93686 0 2.32173 0 0 0 1 960 960 
137 1.35867 1.97481 0.158992 -0.93849 0.345307 0 0.593183 -0 0 -1 0.158992 -0.345307 -0.93849 0 2.32249 0 0 0 1 960 960 
138 1.35534 1.97981 0.158992 -0.940088 0.340932 0 0.599156 -0 0 -1 0.158992 -0.340932 -0.940088 0 2.32327 0 0 0 1 960 960 
139 1.352 1.98481 0.158992 -0.941655 0.336579 0 0.605076 -0 0 -1 0.158992 -0.336579 -0.941655 0 2.32406 0 0 0 1 960 960 
140 1.34867 1.98981 0.158992 -0.943192 0.332249 0 0.610943 -0 0 -1 0.158992 -0.332249 -0.943192 0 2.32486 0 0 0 1 960 960 
141 1.34534 1.99481 0.158992 -0.944698 0.327942 0 0.616756 -0 0 -1 0.158992 -0.327942 -0.944698 0 2.32568 0 0 0 1 960 960 
142 1.342 1.99981 0.158992 -0.946175 0.323657 0 0.622518 -0 0 -1 0.158992 -0.323657 -0.946175 0 2.32651 0 0 0 1 960 960 
143 1.33867 2.00481 0.158992 -0.947622 0.319395 0 0.628226 -0 0 -1 0.158992 -0.319395 -0.947622 0 2.32736 0 0 0 1 960 960 
144 1.33534 2.00981 0.158992 -0.94904 0.315157 0 0.633883 -0 0 -1 0.158992 -0.315157 -0.94904 0 2.32823 0 0 0 1 960 960 
145 1.3333 2.01481 0.162239 -0.950069 0.312039 0 0.63803 -0 0 -1 0.162239 -0.312039 -0.950069 0 2.33025 0 0 0 1 960 960 
146 1.33127 2.01981 0.165485 -0.951081 0.308943 0 0.642138 -0 0 -1 0.165485 -0.308943 -0.951081 0 2.33228 0 0 0 1 960 960 
147 1.32923 2.02481 0.168732 -0.952075 0.305866 0 0.646208 -0 0 -1 0.168732 -0.305866 -0.952075 0 2.33433 0 0 0 1 960 960 
148 1.3259 2.02981 0.168732 -0.953397 0.301718 0 0.651679 -0 0 -1 0.168732 -0.301718 -0.953397 0 2.33526 0 0 0 1 960 960 
149 1.32386 2.03481 0.171979 -0.954352 0.298684 0 0.655668 -0 0 -1 0.171979 -0.298684 -0.954352 0 2.33734 0 0 0 1 960 960 
150 1.32183 2.03981 0.175226 -0.95529 0.295671 0 0.659619 -0 0 -1 0.175226 -0.295671 -0.95529 0 2.33943 0 0 0 1 960 960 
151 1.3185 2.04481 0.175226 -0.956543 0.29159 0 0.664953 -0 0 -1 0.175226 -0.29159 -0.956543 0 2.34041 0 0 0 1 960 960 
152 1.31646 2.04981 0.178472 -0.957444 0.288619 0 0.668825 -0 0 -1 0.178472 -0.288619 -0.957444 0 2.34253 0 0 0 1 960 960 
153 1.31313 2.05481 0.178472 -0.958651 0.284584 0 0.674067 -0 0 -1 0.178472 -0.284584 -0.958651 0 2.34354 0 0 0 1 960 960 
154 1.30979 2.05981 0.178472 -0.959833 0.280572 0 0.679262 -0 0 -1 0.178472 -0.280572 -0.959833 0 2.34456 0 0 0 1 960 960 
155 1.30646 2.06481 0.178472 -0.96099 0.276582 0 0.684408 -0 0 -1 0.178472 -0.276582 -0.96099 0 2.3456 0 0 0 1 960 960 
156 1.30313 2.06981 0.178472 -0.962123 0.272616 0 0.689507 -0 0 -1 0.178472 -0.272616 -0.962123 0 2.34666 0 0 0 1 960 960 
157 1.29979 2.07481 0.178472 -0.963231 0.268673 0 0.694558 -0 0 -1 0.178472 -0.268673 -0.963231 0 2.34774 0 0 0 1 960 960 
158 1.29646 2.07981 0.178472 -0.964316 0.264754 0 0.699562 -0 0 -1 0.178472 -0.264754 -0.964316 0 2.34883 0 0 0 1 960 960 
159 1.29313 2.08481 0.178472 -0.965377 0.260857 0 0.70452 -0 0 -1 0.178472 -0.260857 -0.965377 0 2.34995 0 0 0 1 960 960 
160 1.28979 2.08981 0.178472 -0.966416 0.256984 0 0.709432 -0 0 -1 0.178472 -0.256984 -0.966416 0 2.35108 0 0 0 1 960 960 
161 1.28646 2.09481 0.178472 -0.967431 0.253133 0 0.714298 -0 0 -1 0.178472 -0.253133 -0.967431 0 2.35223 0 0 0 1 960 960 
162 1.28313 2.09981 0.178472 -0.968425 0.249306 0 0.719119 -0 0 -1 0.178472 -0.249306 -0.968425 0 2.3534 0 0 0 1 960 960 
163 1.27979 2.10481 0.178472 -0.969396 0.245502 0 0.723894 -0 0 -1 0.178472 -0.245502 -0.969396 0 2.35458 0 0 0 1 960 960 
164 1.27646 2.10981 0.178472 -0.970346 0.241721 0 0.728625 -0 0 -1 0.178472 -0.241721 -0.970346 0 2.35579 0 0 0 1 960 960 
165 1.27183 2.11481 0.175226 -0.971535 0.236895 0 0.73464 -0 0 -1 0.175226 -0.236895 -0.971535 0 2.3559 0 0 0 1 960 960 
166 1.2685 2.11981 0.175226 -0.972438 0.233162 0 0.739276 -0 0 -1 0.175226 -0.233162 -0.972438 0 2.35714 0 0 0 1 960 960 
167 1.26516 2.12481 0.175226 -0.97332 0.229451 0 0.743869 -0 0 -1 0.175226 -0.229451 -0.97332 0 2.35841 0 0 0 1 960 960 
168 1.26053 2.12981 0.171979 -0.974428 0.224701 0 0.749727 -0 0 -1 0.171979 -0.224701 -0.974428 0 2.35858 0 0 0 1 960 960 
169 1.2572 2.13481 0.171979 -0.975265 0.221038 0 0.754227 -0 0 -1 0.171979 -0.221038 -0.975265 0 2.35989 0 0 0 1 960 960 
170 1.25386 2.13981 0.171979 -0.976083 0.217399 0 0.758684 -0 0 -1 0.171979 -0.217399 -0.976083 0 2.36122 0 0 0 1 960 960 
171 1.25053 2.14481 0.171979 -0.976881 0.213782 0 0.763099 -0 0 -1 0.171979 -0.213782 -0.976881 0 2.36256 0 0 0 1 960 960 
172 1.2472 2.14981 0.171979 -0.977661 0.210188 0 0.767473 -0 0 -1 0.171979 -0.210188 -0.977661 0 2.36393 0 0 0 1 960 960 
173 1.24386 2.15481 0.171979 -0.978422 0.206617 0 0.771805 -0 0 -1 0.171979 -0.206617 -0.978422 0 2.36531 0 0 0 1 960 960 
174 1.24053 2.15981 0.171979 -0.979165 0.203068 0 0.776097 -0 0 -1 0.171979 -0.203068 -0.979165 0 2.36672 0 0 0 1 960 960 
175 1.2359 2.16481 0.168732 -0.980102 0.198492 0 0.78161 -0 0 -1 0.168732 -0.198492 -0.980102 0 2.36705 0 0 0 1 960 960 
176 1.23257 2.16981 0.168732 -0.980805 0.194991 0 0.785814 -0 0 -1 0.168732 -0.194991 -0.980805 0 2.3685 0 0 0 1 960 960 
177 1.22793 2.17481 0.165485 -0.981694 0.190466 0 0.791228 -0 0 -1 0.165485 -0.190466 -0.981694 0 2.36887 0 0 0 1 960 960 
178 1.2246 2.17981 0.165485 -0.982358 0.187012 0 0.795346 -0 0 -1 0.165485 -0.187012 -0.982358 0 2.37036 0 0 0 1 960 960 
179 1.22127 2.18481 0.165485 -0.983005 0.18358 0 0.799425 -0 0 -1 0.165485 -0.18358 -0.983005 0 2.37187 0 0 0 1 960 960 
180 1.21793 2.18981 0.165485 -0.983636 0.18017 0 0.803466 -0 0 -1 0.165485 -0.18017 -0.983636 0 2.37341 0 0 0 1 960 960 
181 1.2146 2.19481 0.165485 -0.98425 0.176782 0 0.807468 -0 0 -1 0.165485 -0.176782 -0.98425 0 2.37496 0 0 0 1 960 960 
182 1.20997 2.19981 0.162239 -0.98503 0.172382 0 0.812648 -0 0 -1 0.162239 -0.172382 -0.98503 0 2.37545 0 0 0 1 960 960 
183 1.20663 2.20481 0.162239 -0.985609 0.16904 0 0.816569 -0 0 -1 0.162239 -0.16904 -0.985609 0 2.37705 0 0 0 1 960 960 
184 1.202 2.20981 0.158992 -0.986345 0.164691 0 0.821654 -0 0 -1 0.158992 -0.164691 -0.986345 0 2.37759 0 0 0 1 960 960 
185 1.19867 2.21481 0.158992 -0.98689 0.161396 0 0.825494 -0 0 -1 0.158992 -0.161396 -0.98689 0 2.37923 0 0 0 1 960 960 
186 1.19534 2.21981 0.158992 -0.98742 0.158122 0 0.829297 -0 0 -1 0.158992 -0.158122 -0.98742 0 2.38089 0 0 0 1 960 960 
187 1.192 2.22481 0.158992 -0.987935 0.15487 0 0.833064 -0 0 -1 0.158992 -0.15487 -0.987935 0 2.38257 0 0 0 1 960 960 
188 1.18867 2.22981 0.158992 -0.988436 0.15164 0 0.836796 -0 0 -1 0.158992 -0.15164 -0.988436 0 2.38427 0 0 0 1 960 960 
189 1.18534 2.23481 0.158992 -0.988923 0.148431 0 0.840492 -0 0 -1 0.158992 -0.148431 -0.988923 0 2.38599 0 0 0 1 960 960 
190 1.182 2.23981 0.158992 -0.989396 0.145243 0 0.844153 -0 0 -1 0.158992 -0.145243 -0.989396 0 2.38773 0 0 0 1 960 960 
191 1.17737 2.24481 0.155745 -0.99 0.141064 0 0.848937 -0 0 -1 0.155745 -0.141064 -0.99 0 2.38844 0 0 0 1 960 960 
192 1.17404 2.24981 0.155745 -0.990443 0.137921 0 0.852523 -0 0 -1 0.155745 -0.137921 -0.990443 0 2.39023 0 0 0 1 960 960 
193 1.16941 2.25481 0.152498 -0.99101 0.133791 0 0.857218 -0 0 -1 0.152498 -0.133791 -0.99101 0 2.39099 0 0 0 1 960 960 
194 1.16607 2.25981 0.152498 -0.991423 0.130693 0 0.86073 -0 0 -1 0.152498 -0.130693 -0.991423 0 2.39282 0 0 0 1 960 960 
195 1.16274 2.26481 0.152498 -0.991824 0.127615 0 0.864209 -0 0 -1 0.152498 -0.127615 -0.991824 0 2.39467 0 0 0 1 960 960 
196 1.15941 2.26981 0.152498 -0.992212 0.124557 0 0.867655 -0 0 -1 0.152498 -0.124557 -0.992212 0 2.39654 0 0 0 1 960 960 
197 1.15607 2.27481 0.152498 -0.992589 0.121521 0 0.871068 -0 0 -1 0.152498 -0.121521 -0.992589 0 2.39843 0 0 0 1 960 960 
198 1.15274 2.27981 0.152498 -0.992954 0.118504 0 0.874449 -0 0 -1 0.152498 -0.118504 -0.992954 0 2.40035 0 0 0 1 960 960 
199 1.14941 2.28481 0.152498 -0.993307 0.115508 0 0.877799 -0 0 -1 0.152498 -0.115508 -0.993307 0 2.40228 0 0 0 1 960 960 
200 1.14607 2.28981 0.152498 -0.993648 0.112532 0 0.881116 -0 0 -1 0.152498 -0.112532 -0.993648 0 2.40423 0 0 0 1 960 960 
201 1.14274 2.29481 0.152498 -0.993978 0.109576 0 0.884403 -0 0 -1 0.152498 -0.109576 -0.993978 0 2.4062 0 0 0 1 960 960 
202 1.13941 2.29981 0.152498 -0.994298 0.106639 0 0.887659 -0 0 -1 0.152498 -0.106639 -0.994298 0 2.4082 0 0 0 1 960 960 
203 1.13607 2.30481 0.152498 -0.994606 0.103723 0 0.890884 -0 0 -1 0.152498 -0.103723 -0.994606 0 2.41021 0 0 0 1 960 960 
204 1.13274 2.30981 0.152498 -0.994904 0.100826 0 0.894078 -0 0 -1 0.152498 -0.100826 -0.994904 0 2.41224 0 0 0 1 960 960 
205 1.12941 2.31481 0.152498 -0.995192 0.0979483 0 0.897243 -0 0 -1 0.152498 -0.0979483 -0.995192 0 2.4143 0 0 0 1 960 960 
206 1.12607 2.31981 0.152498 -0.995469 0.0950902 0 0.900378 -0 0 -1 0.152498 -0.0950902 -0.995469 0 2.41637 0 0 0 1 960 960 
207 1.12274 2.32481 0.152498 -0.995736 0.0922514 0 0.903484 -0 0 -1 0.152498 -0.0922514 -0.995736 0 2.41847 0 0 0 1 960 960 
208 1.11941 2.32981 0.152498 -0.995993 0.0894317 0 0.906561 -0 0 -1 0.152498 -0.0894317 -0.995993 0 2.42058 0 0 0 1 960 960 
209 1.11607 2.33481 0.152498 -0.99624 0.086631 0 0.909609 -0 0 -1 0.152498 -0.086631 -0.99624 0 2.42271 0 0 0 1 960 960 
210 1.11274 2.33981 0.152498 -0.996478 0.0838491 0 0.912629 -0 0 -1 0.152498 -0.0838491 -0.996478 0 2.42487 0 0 0 1 960 960 
211 1.10941 2.34481 0.152498 -0.996707 0.0810861 0 0.915621 -0 0 -1 0.152498 -0.0810861 -0.996707 0 2.42704 0 0 0 1 960 960 
212 1.10607 2.34981 0.152498 -0.996927 0.0783416 0 0.918585 -0 0 -1 0.152498 -0.0783416 -0.996927 0 2.42924 0 0 0 1 960 960 
213 1.10274 2.35481 0.152498 -0.997137 0.0756156 0 0.921521 -0 0 -1 0.152498 -0.0756156 -0.997137 0 2.43145 0 0 0 1 960 960 
214 1.09941 2.35981 0.152498 -0.997339 0.072908 0 0.924431 -0 0 -1 0.152498 -0.072908 -0.997339 0 2.43368 0 0 0 1 960 960 
215 1.09737 2.36481 0.155745 -0.997465 0.0711631 0 0.926302 -0 0 -1 0.155745 -0.0711631 -0.997465 0 2.4369 0 0 0 1 960 960 
216 1.09534 2.36981 0.158992 -0.997587 0.0694302 0 0.928157 -0 0 -1 0.158992 -0.0694302 -0.997587 0 2.44014 0 0 0 1 960 960 
217 1.092 2.37481 0.158992 -0.997768 0.0667711 0 0.930997 -0 0 -1 0.158992 -0.0667711 -0.997768 0 2.44242 0 0 0 1 960 960 
218 1.08867 2.37981 0.158992 -0.997942 0.0641299 0 0.933812 -0 0 -1 0.158992 -0.0641299 -0.997942 0 2.44472 0 0 0 1 960 960 
219 1.08534 2.38481 0.158992 -0.998107 0.0615064 0 0.9366 -0 0 -1 0.158992 -0.0615064 -0.998107 0 2.44705 0 0 0 1 960 960 
220 1.0833 2.38981 0.162239 -0.998209 0.05983 0 0.938379 -0 0 -1 0.162239 -0.05983 -0.998209 0 2.45034 0 0 0 1 960 960 
221 1.07997 2.39481 0.162239 -0.998361 0.0572387 0 0.941122 -0 0 -1 0.162239 -0.0572387 -0.998361 0 2.4527 0 0 0 1 960 960 
222 1.07663 2.39981 0.162239 -0.998505 0.0546648 0 0.94384 -0 0 -1 0.162239 -0.0546648 -0.998505 0 2.45507 0 0 0 1 960 960 
223 1.0746 2.40481 0.165485 -0.998593 0.0530288 0 0.945564 -0 0 -1 0.165485 -0.0530288 -0.998593 0 2.45841 0 0 0 1 960 960 
224 1.07257 2.40981 0.168732 -0.998678 0.0514039 0 0.947274 -0 0 -1 0.168732 -0.0514039 -0.998678 0 2.46175 0 0 0 1 960 960 
225 1.06923 2.41481 0.168732 -0.998805 0.0488755 0 0.949929 -0 0 -1 0.168732 -0.0488755 -0.998805 0 2.46418 0 0 0 1 960 960 
226 1.0659 2.41981 0.168732 -0.998925 0.046364 0 0.952561 -0 0 -1 0.168732 -0.046364 -0.998925 0 2.46662 0 0 0 1 960 960 
227 1.06257 2.42481 0.168732 -0.999037 0.0438693 0 0.955168 -0 0 -1 0.168732 -0.0438693 -0.999037 0 2.46909 0 0 0 1 960 960 
228 1.05923 2.42981 0.168732 -0.999143 0.0413912 0 0.957752 -0 0 -1 0.168732 -0.0413912 -0.999143 0 2.47157 0 0 0 1 960 960 
229 1.0559 2.43481 0.168732 -0.999242 0.0389296 0 0.960312 -0 0 -1 0.168732 -0.0389296 -0.999242 0 2.47407 0 0 0 1 960 960 
230 1.05257 2.43981 0.168732 -0.999334 0.0364844 0 0.96285 -0 0 -1 0.168732 -0.0364844 -0.999334 0 2.47658 0 0 0 1 960 960 
231 1.04923 2.44481 0.168732 -0.99942 0.0340555 0 0.965364 -0 0 -1 0.168732 -0.0340555 -0.99942 0 2.47912 0 0 0 1 960 960 
232 1.0459 2.44981 0.168732 -0.999499 0.0316427 0 0.967857 -0 0 -1 0.168732 -0.0316427 -0.999499 0 2.48167 0 0 0 1 960 960 
233 1.04127 2.45481 0.165485 -0.999598 0.0283544 0 0.971244 -0 0 -1 0.165485 -0.0283544 -0.999598 0 2.48334 0 0 0 1 960 960 
234 1.03793 2.45981 0.165485 -0.999663 0.0259764 0 0.973686 -0 0 -1 0.165485 -0.0259764 -0.999663 0 2.48594 0 0 0 1 960 960 
235 1.0346 2.46481 0.165485 -0.999721 0.0236143 0 0.976107 -0 0 -1 0.165485 -0.0236143 -0.999721 0 2.48855 0 0 0 1 960 960 
236 1.03127 2.46981 0.165485 -0.999774 0.0212679 0 0.978506 -0 0 -1 0.165485 -0.0212679 -0.999774 0 2.49118 0 0 0 1 960 960 
237 1.02793 2.47481 0.165485 -0.999821 0.018937 0 0.980884 -0 0 -1 0.165485 -0.018937 -0.999821 0 2.49383 0 0 0 1 960 960 
238 1.0246 2.47981 0.165485 -0.999862 0.0166215 0 0.98324 -0 0 -1 0.165485 -0.0166215 -0.999862 0 2.49649 0 0 0 1 960 960 
239 1.02127 2.48481 0.165485 -0.999897 0.0143214 0 0.985576 -0 0 -1 0.165485 -0.0143214 -0.999897 0 2.49918 0 0 0 1 960 960 
240 1.01793 2.48981 0.165485 -0.999928 0.0120365 0 0.987891 -0 0 -1 0.165485 -0.0120365 -0.999928 0 2.50188 0 0 0 1 960 960 
241 1.0146 2.49481 0.165485 -0.999952 0.00976671 0 0.990186 -0 0 -1 0.165485 -0.00976671 -0.999952 0 2.5046 0 0 0 1 960 960 
242 1.01127 2.49981 0.165485 -0.999972 0.0075119 0 0.99246 -0 0 -1 0.165485 -0.0075119 -0.999972 0 2.50733 0 0 0 1 960 960 
243 1.00793 2.50481 0.165485 -0.999986 0.00527195 0 0.994714 -0 0 -1 0.165485 -0.00527195 -0.999986 0 2.51009 0 0 0 1 960 960 
244 1.0046 2.50981 0.165485 -0.999995 0.00304677 0 0.996949 -0 0 -1 0.165485 -0.00304677 -0.999995 0 2.51286 0 0 0 1 960 960 
245 1.00127 2.51481 0.165485 -1 0.000836224 0 0.999163 -0 0 -1 0.165485 -0.000836224 -1 0 2.51564 0 0 0 1 960 960 
246 0.997933 2.51981 0.165485 -0.999999 -0.00135979 0 1.00136 0 -0 -1 0.165485 0.00135979 -0.999999 0 2.51845 0 0 0 1 960 960 
247 0.9946 2.52481 0.165485 -0.999994 -0.00354137 0 1.00354 0 -0 -1 0.165485 0.00354137 -0.999994 0 2.52127 0 0 0 1 960 960 
248 0.991267 2.52981 0.165485 -0.999984 -0.00570865 0 1.00569 0 -0 -1 0.165485 0.00570865 -0.999984 0 2.52411 0 0 0 1 960 960 
249 0.987933 2.53481 0.165485 -0.999969 -0.00786173 0 1.00783 0 -0 -1 0.165485 0.00786173 -0.999969 0 2.52696 0 0 0 1 960 960 
250 0.9846 2.53981 0.165485 -0.99995 -0.0100007 0 1.00995 0 -0 -1 0.165485 0.0100007 -0.99995 0 2.52983 0 0 0 1 960 960 
251 0.981267 2.54481 0.165485 -0.999927 -0.0121257 0 1.01205 0 -0 -1 0.165485 0.0121257 -0.999927 0 2.53272 0 0 0 1 960 960 
252 0.977933 2.54981 0.165485 -0.999899 -0.0142368 0 1.01414 0 -0 -1 0.165485 0.0142368 -0.999899 0 2.53562 0 0 0 1 960 960 
253 0.9746 2.55481 0.165485 -0.999867 -0.0163342 0 1.0162 0 -0 -1 0.165485 0.0163342 -0.999867 0 2.53855 0 0 0 1 960 960 
254 0.971267 2.55981 0.165485 -0.99983 -0.0184179 0 1.01825 0 -0 -1 0.165485 0.0184179 -0.99983 0 2.54148 0 0 0 1 960 960 
255 0.967933 2.56481 0.165485 -0.99979 -0.0204881 0 1.02028 0 -0 -1 0.165485 0.0204881 -0.99979 0 2.54444 0 0 0 1 960 960 
256 0.9646 2.56981 0.165485 -0.999746 -0.0225448 0 1.02229 0 -0 -1 0.165485 0.0225448 -0.999746 0 2.54741 0 0 0 1 960 960 
257 0.961267 2.57481 0.165485 -0.999698 -0.0245882 0 1.02429 0 -0 -1 0.165485 0.0245882 -0.999698 0 2.55039 0 0 0 1 960 960 
258 0.957933 2.57981 0.165485 -0.999646 -0.0266183 0 1.02626 0 -0 -1 0.165485 0.0266183 -0.999646 0 2.55339 0 0 0 1 960 960 
259 0.9546 2.58481 0.165485 -0.99959 -0.0286353 0 1.02823 0 -0 -1 0.165485 0.0286353 -0.99959 0 2.55641 0 0 0 1 960 960 
260 0.951267 2.58981 0.165485 -0.99953 -0.0306392 0 1.03017 0 -0 -1 0.165485 0.0306392 -0.99953 0 2.55944 0 0 0 1 960 960 
261 0.947933 2.59481 0.165485 -0.999467 -0.0326302 0 1.0321 0 -0 -1 0.165485 0.0326302 -0.999467 0 2.56249 0 0 0 1 960 960 
262 0.9446 2.59981 0.165485 -0.999401 -0.0346084 0 1.03401 0 -0 -1 0.165485 0.0346084 -0.999401 0 2.56556 0 0 0 1 960 960 
263 0.942565 2.60481 0.168732 -0.99936 -0.0357662 0 1.03513 0 -0 -1 0.168732 0.0357662 -0.99936 0 2.56943 0 0 0 1 960 960 
264 0.939232 2.60981 0.168732 -0.999288 -0.0377217 0 1.03701 0 -0 -1 0.168732 0.0377217 -0.999288 0 2.57252 0 0 0 1 960 960 
265 0.935899 2.61481 0.168732 -0.999213 -0.0396647 0 1.03888 0 -0 -1 0.168732 0.0396647 -0.999213 0 2.57563 0 0 0 1 960 960 
266 0.931267 2.61981 0.165485 -0.999101 -0.0423949 0 1.0415 0 -0 -1 0.165485 0.0423949 -0.999101 0 2.57797 0 0 0 1 960 960 
267 0.927933 2.62481 0.165485 -0.999018 -0.0443104 0 1.04333 0 -0 -1 0.165485 0.0443104 -0.999018 0 2.58111 0 0 0 1 960 960 
268 0.9246 2.62981 0.165485 -0.998932 -0.0462137 0 1.04515 0 -0 -1 0.165485 0.0462137 -0.998932 0 2.58427 0 0 0 1 960 960 
269 0.921267 2.63481 0.165485 -0.998842 -0.0481049 0 1.04695 0 -0 -1 0.165485 0.0481049 -0.998842 0 2.58744 0 0 0 1 960 960 
270 0.916635 2.63981 0.162239 -0.99871 -0.050773 0 1.04948 0 -0 -1 0.162239 0.050773 -0.99871 0 2.58986 0 0 0 1 960 960 
271 0.913301 2.64481 0.162239 -0.998614 -0.0526375 0 1.05125 0 -0 -1 0.162239 0.0526375 -0.998614 0 2.59307 0 0 0 1 960 960 
272 0.909968 2.64981 0.162239 -0.998514 -0.0544902 0 1.053 0 -0 -1 0.162239 0.0544902 -0.998514 0 2.59628 0 0 0 1 960 960 
273 0.906635 2.65481 0.162239 -0.998412 -0.0563311 0 1.05474 0 -0 -1 0.162239 0.0563311 -0.998412 0 2.59952 0 0 0 1 960 960 
274 0.903301 2.65981 0.162239 -0.998307 -0.0581604 0 1.05647 0 -0 -1 0.162239 0.0581604 -0.998307 0 2.60277 0 0 0 1 960 960 
275 0.898669 2.66481 0.158992 -0.998153 -0.0607539 0 1.05891 0 -0 -1 0.158992 0.0607539 -0.998153 0 2.60529 0 0 0 1 960 960 
276 0.895336 2.66981 0.158992 -0.998041 -0.0625576 0 1.0606 0 -0 -1 0.158992 0.0625576 -0.998041 0 2.60857 0 0 0 1 960 960 
277 0.892003 2.67481 0.158992 -0.997927 -0.0643499 0 1.06228 0 -0 -1 0.158992 0.0643499 -0.997927 0 2.61186 0 0 0 1 960 960 
278 0.888669 2.67981 0.158992 -0.997811 -0.0661308 0 1.06394 0 -0 -1 0.158992 0.0661308 -0.997811 0 2.61517 0 0 0 1 960 960 
279 0.884037 2.68481 0.155745 -0.99764 -0.068666 0 1.06631 0 -0 -1 0.155745 0.068666 -0.99764 0 2.61777 0 0 0 1 960 960 
280 0.880704 2.68981 0.155745 -0.997517 -0.0704222 0 1.06794 0 -0 -1 0.155745 0.0704222 -0.997517 0 2.62111 0 0 0 1 960 960 
281 0.877371 2.69481 0.155745 -0.997393 -0.0721673 0 1.06956 0 -0 -1 0.155745 0.0721673 -0.997393 0 2.62446 0 0 0 1 960 960 
282 0.874037 2.69981 0.155745 -0.997266 -0.0739015 0 1.07117 0 -0 -1 0.155745 0.0739015 -0.997266 0 2.62783 0 0 0 1 960 960 
283 0.870704 2.70481 0.155745 -0.997136 -0.0756249 0 1.07276 0 -0 -1 0.155745 0.0756249 -0.997136 0 2.63121 0 0 0 1 960 960 
284 0.866072 2.70981 0.152498 -0.996946 -0.0780902 0 1.07504 0 -0 -1 0.152498 0.0780902 -0.996946 0 2.6339 0 0 0 1 960 960 
285 0.862739 2.71481 0.152498 -0.996812 -0.0797896 0 1.0766 0 -0 -1 0.152498 0.0797896 -0.996812 0 2.63731 0 0 0 1 960 960 
286 0.859405 2.71981 0.152498 -0.996675 -0.0814785 0 1.07815 0 -0 -1 0.152498 0.0814785 -0.996675 0 2.64074 0 0 0 1 960 960 
287 0.857371 2.72481 0.155745 -0.996598 -0.0824117 0 1.07901 0 -0 -1 0.155745 0.0824117 -0.996598 0 2.64488 0 0 0 1 960 960 
288 0.854037 2.72981 0.155745 -0.996459 -0.0840822 0 1.08054 0 -0 -1 0.155745 0.0840822 -0.996459 0 2.64833 0 0 0 1 960 960 
289 0.850704 2.73481 0.155745 -0.996317 -0.0857423 0 1.08206 0 -0 -1 0.155745 0.0857423 -0.996317 0 2.65179 0 0 0 1 960 960 
290 0.847371 2.73981 0.155745 -0.996174 -0.0873922 0 1.08357 0 -0 -1 0.155745 0.0873922 -0.996174 0 2.65527 0 0 0 1 960 960 
291 0.844037 2.74481 0.155745 -0.996029 -0.0890319 0 1.08506 0 -0 -1 0.155745 0.0890319 -0.996029 0 2.65876 0 0 0 1 960 960 
292 0.840704 2.74981 0.155745 -0.995882 -0.0906615 0 1.08654 0 -0 -1 0.155745 0.0906615 -0.995882 0 2.66226 0 0 0 1 960 960 
293 0.837371 2.75481 0.155745 -0.995733 -0.0922811 0 1.08801 0 -0 -1 0.155745 0.0922811 -0.995733 0 2.66578 0 0 0 1 960 960 
294 0.832739 2.75981 0.152498 -0.995514 -0.094619 0 1.09013 0 -0 -1 0.152498 0.094619 -0.995514 0 2.66863 0 0 0 1 960 960 
295 0.829405 2.76481 0.152498 -0.99536 -0.0962164 0 1.09158 0 -0 -1 0.152498 0.0962164 -0.99536 0 2.67218 0 0 0 1 960 960 
296 0.824773 2.76981 0.149251 -0.995134 -0.0985273 0 1.09366 0 -0 -1 0.149251 0.0985273 -0.995134 0 2.67507 0 0 0 1 960 960 
297 0.82144 2.77481 0.149251 -0.994977 -0.100103 0 1.09508 0 -0 -1 0.149251 0.100103 -0.994977 0 2.67864 0 0 0 1 960 960 
298 0.818107 2.77981 0.149251 -0.994818 -0.101669 0 1.09649 0 -0 -1 0.149251 0.101669 -0.994818 0 2.68223 0 0 0 1 960 960 
299 0.814773 2.78481 0.149251 -0.994658 -0.103225 0 1.09788 0 -0 -1 0.149251 0.103225 -0.994658 0 2.68582 0 0 0 1 960 960 
300 0.810141 2.78981 0.146005 -0.994421 -0.105486 0 1.09991 0 -0 -1 0.146005 0.105486 -0.994421 0 2.68878 0 0 0 1 960 960 
301 0.806808 2.79481 0.146005 -0.994257 -0.107021 0 1.10128 0 -0 -1 0.146005 0.107021 -0.994257 0 2.69241 0 0 0 1 960 960 
302 0.803475 2.79981 0.146005 -0.994091 -0.108547 0 1.10264 0 -0 -1 0.146005 0.108547 -0.994091 0 2.69605 0 0 0 1 960 960 
303 0.800141 2.80481 0.146005 -0.993924 -0.110064 0 1.10399 0 -0 -1 0.146005 0.110064 -0.993924 0 2.6997 0 0 0 1 960 960 
304 0.795509 2.80981 0.142758 -0.993677 -0.112276 0 1.10595 0 -0 -1 0.142758 0.112276 -0.993677 0 2.70272 0 0 0 1 960 960 
305 0.792176 2.81481 0.142758 -0.993507 -0.113772 0 1.10728 0 -0 -1 0.142758 0.113772 -0.993507 0 2.7064 0 0 0 1 960 960 
306 0.788842 2.81981 0.142758 -0.993335 -0.11526 0 1.1086 0 -0 -1 0.142758 0.11526 -0.993335 0 2.71009 0 0 0 1 960 960 
307 0.785509 2.82481 0.142758 -0.993163 -0.116738 0 1.1099 0 -0 -1 0.142758 0.116738 -0.993163 0 2.71379 0 0 0 1 960 960 
308 0.782176 2.82981 0.142758 -0.992989 -0.118208 0 1.1112 0 -0 -1 0.142758 0.118208 -0.992989 0 2.71751 0 0 0 1 960 960 
309 0.777544 2.83481 0.139511 -0.99273 -0.120361 0 1.11309 0 -0 -1 0.139511 0.120361 -0.99273 0 2.72061 0 0 0 1 960 960 
310 0.77421 2.83981 0.139511 -0.992553 -0.121811 0 1.11436 0 -0 -1 0.139511 0.121811 -0.992553 0 2.72435 0 0 0 1 960 960 
311 0.770877 2.84481 0.139511 -0.992375 -0.123252 0 1.11563 0 -0 -1 0.139511 0.123252 -0.992375 0 2.7281 0 0 0 1 960 960 
312 0.767544 2.84981 0.139511 -0.992196 -0.124685 0 1.11688 0 -0 -1 0.139511 0.124685 -0.992196 0 2.73187 0 0 0 1 960 960 
313 0.76421 2.85481 0.139511 -0.992016 -0.126109 0 1.11813 0 -0 -1 0.139511 0.126109 -0.992016 0 2.73564 0 0 0 1 960 960 
314 0.760877 2.85981 0.139511 -0.991835 -0.127524 0 1.11936 0 -0 -1 0.139511 0.127524 -0.991835 0 2.73943 0 0 0 1 960 960 
315 0.757544 2.86481 0.139511 -0.991654 -0.128932 0 1.12059 0 -0 -1 0.139511 0.128932 -0.991654 0 2.74322 0 0 0 1 960 960 
316 0.75421 2.86981 0.139511 -0.991471 -0.130331 0 1.1218 0 -0 -1 0.139511 0.130331 -0.991471 0 2.74703 0 0 0 1 960 960 
317 0.750877 2.87481 0.139511 -0.991287 -0.131721 0 1.12301 0 -0 -1 0.139511 0.131721 -0.991287 0 2.75085 0 0 0 1 960 960 
318 0.747544 2.87981 0.139511 -0.991102 -0.133104 0 1.12421 0 -0 -1 0.139511 0.133104 -0.991102 0 2.75468 0 0 0 1 960 960 
319 0.74421 2.88481 0.139511 -0.990916 -0.134479 0 1.1254 0 -0 -1 0.139511 0.134479 -0.990916 0 2.75852 0 0 0 1 960 960 
320 0.740877 2.88981 0.139511 -0.99073 -0.135845 0 1.12658 0 -0 -1 0.139511 0.135845 -0.99073 0 2.76237 0 0 0 1 960 960 
321 0.737544 2.89481 0.139511 -0.990543 -0.137204 0 1.12775 0 -0 -1 0.139511 0.137204 -0.990543 0 2.76624 0 0 0 1 960 960 
322 0.73421 2.89981 0.139511 -0.990355 -0.138554 0 1.12891 0 -0 -1 0.139511 0.138554 -0.990355 0 2.77011 0 0 0 1 960 960 
323 0.730877 2.90481 0.139511 -0.990166 -0.139897 0 1.13006 0 -0 -1 0.139511 0.139897 -0.990166 0 2.77399 0 0 0 1 960 960 
324 0.727544 2.90981 0.139511 -0.989977 -0.141232 0 1.13121 0 -0 -1 0.139511 0.141232 -0.989977 0 2.77789 0 0 0 1 960 960 
325 0.72421 2.91481 0.139511 -0.989786 -0.142559 0 1.13235 0 -0 -1 0.139511 0.142559 -0.989786 0 2.78179 0 0 0 1 960 960 
