0 1.81534 0.789806 0.458992 0.249638 0.968339 -0 -1.21798 -0 0 -1 0.458992 -0.968339 0.249638 0 1.5607 0 0 0 1 960 960 
1 1.81682 0.794806 0.465485 0.24364 0.969866 -0 -1.21351 -0 0 -1 0.465485 -0.969866 0.24364 0 1.56843 0 0 0 1 960 960 
2 1.81571 0.799806 0.465485 0.238349 0.971179 -0 -1.20953 -0 0 -1 0.465485 -0.971179 0.238349 0 1.57275 0 0 0 1 960 960 
3 1.8146 0.804806 0.465485 0.233023 0.972471 -0 -1.20549 -0 0 -1 0.465485 -0.972471 0.233023 0 1.57711 0 0 0 1 960 960 
4 1.81479 0.809806 0.468732 0.227317 0.973821 -0 -1.20114 -0 0 -1 0.468732 -0.973821 0.227317 0 1.5832 0 0 0 1 960 960 
5 1.81368 0.814806 0.468732 0.221926 0.975064 -0 -1.19699 -0 0 -1 0.468732 -0.975064 0.221926 0 1.58762 0 0 0 1 960 960 
6 1.81257 0.819806 0.468732 0.2165 0.976283 -0 -1.19278 -0 0 -1 0.468732 -0.976283 0.2165 0 1.59209 0 0 0 1 960 960 
7 1.81145 0.824806 0.468732 0.211039 0.977478 -0 -1.18852 -0 0 -1 0.468732 -0.977478 0.211039 0 1.59659 0 0 0 1 960 960 
8 1.81034 0.829806 0.468732 0.205543 0.978648 -0 -1.18419 -0 0 -1 0.468732 -0.978648 0.205543 0 1.60113 0 0 0 1 960 960 
9 1.80923 0.834806 0.468732 0.200012 0.979793 -0 -1.17981 -0 0 -1 0.468732 -0.979793 0.200012 0 1.6057 0 0 0 1 960 960 
10 1.80812 0.839806 0.468732 0.194447 0.980913 -0 -1.17536 -0 0 -1 0.468732 -0.980913 0.194447 0 1.61031 0 0 0 1 960 960 
11 1.80701 0.844806 0.468732 0.188847 0.982006 -0 -1.17085 -0 0 -1 0.468732 -0.982006 0.188847 0 1.61496 0 0 0 1 960 960 
12 1.8059 0.849806 0.468732 0.183214 0.983073 -0 -1.16629 -0 0 -1 0.468732 -0.983073 0.183214 0 1.61963 0 0 0 1 960 960 
13 1.80479 0.854806 0.468732 0.177546 0.984112 -0 -1.16166 -0 0 -1 0.468732 -0.984112 0.177546 0 1.62435 0 0 0 1 960 960 
14 1.80368 0.859806 0.468732 0.171846 0.985124 -0 -1.15697 -0 0 -1 0.468732 -0.985124 0.171846 0 1.62909 0 0 0 1 960 960 
15 1.80257 0.864806 0.468732 0.166112 0.986107 -0 -1.15222 -0 0 -1 0.468732 -0.986107 0.166112 0 1.63387 0 0 0 1 960 960 
16 1.80275 0.869806 0.471979 0.160093 0.987102 -0 -1.14719 -0 0 -1 0.471979 -0.987102 0.160093 0 1.64025 0 0 0 1 960 960 
17 1.80164 0.874806 0.471979 0.154302 0.988024 -0 -1.14233 -0 0 -1 0.471979 -0.988024 0.154302 0 1.64508 0 0 0 1 960 960 
18 1.80053 0.879806 0.471979 0.148479 0.988916 -0 -1.13739 -0 0 -1 0.471979 -0.988916 0.148479 0 1.64994 0 0 0 1 960 960 
19 1.80072 0.884806 0.475226 0.142397 0.98981 -0 -1.13221 -0 0 -1 0.475226 -0.98981 0.142397 0 1.65637 0 0 0 1 960 960 
20 1.80091 0.889806 0.478472 0.136303 0.990667 -0 -1.12697 -0 0 -1 0.478472 -0.990667 0.136303 0 1.66282 0 0 0 1 960 960 
21 1.79979 0.894806 0.478472 0.130403 0.991461 -0 -1.12186 -0 0 -1 0.478472 -0.991461 0.130403 0 1.66774 0 0 0 1 960 960 
22 1.79868 0.899806 0.478472 0.124473 0.992223 -0 -1.1167 -0 0 -1 0.478472 -0.992223 0.124473 0 1.67269 0 0 0 1 960 960 
23 1.79757 0.904806 0.478472 0.118513 0.992952 -0 -1.11147 -0 0 -1 0.478472 -0.992952 0.118513 0 1.67767 0 0 0 1 960 960 
24 1.79646 0.909806 0.478472 0.112524 0.993649 -0 -1.10617 -0 0 -1 0.478472 -0.993649 0.112524 0 1.68268 0 0 0 1 960 960 
25 1.79535 0.914806 0.478472 0.106506 0.994312 -0 -1.10082 -0 0 -1 0.478472 -0.994312 0.106506 0 1.68771 0 0 0 1 960 960 
26 1.79424 0.919806 0.478472 0.100459 0.994941 -0 -1.0954 -0 0 -1 0.478472 -0.994941 0.100459 0 1.69276 0 0 0 1 960 960 
27 1.79183 0.924806 0.475226 0.0945371 0.995521 -0 -1.09006 -0 0 -1 0.475226 -0.995521 0.0945371 0 1.69638 0 0 0 1 960 960 
28 1.78942 0.929806 0.471979 0.088569 0.99607 -0 -1.08464 -0 0 -1 0.471979 -0.99607 0.088569 0 1.70004 0 0 0 1 960 960 
29 1.78831 0.934806 0.471979 0.0824198 0.996598 -0 -1.07902 -0 0 -1 0.471979 -0.996598 0.0824198 0 1.70518 0 0 0 1 960 960 
30 1.7859 0.939806 0.468732 0.0763689 0.99708 -0 -1.07345 -0 0 -1 0.468732 -0.99708 0.0763689 0 1.70891 0 0 0 1 960 960 
31 1.78479 0.944806 0.468732 0.0701565 0.997536 -0 -1.06769 -0 0 -1 0.468732 -0.997536 0.0701565 0 1.71411 0 0 0 1 960 960 
32 1.78238 0.949806 0.465485 0.064024 0.997948 -0 -1.06197 -0 0 -1 0.465485 -0.997948 0.064024 0 1.71791 0 0 0 1 960 960 
33 1.77997 0.954806 0.462239 0.0578463 0.998326 -0 -1.05617 -0 0 -1 0.462239 -0.998326 0.0578463 0 1.72176 0 0 0 1 960 960 
34 1.77886 0.959806 0.462239 0.0515378 0.998671 -0 -1.05021 -0 0 -1 0.462239 -0.998671 0.0515378 0 1.72703 0 0 0 1 960 960 
35 1.77775 0.964806 0.462239 0.045205 0.998978 -0 -1.04418 -0 0 -1 0.462239 -0.998978 0.045205 0 1.73231 0 0 0 1 960 960 
36 1.77534 0.969806 0.458992 0.0389136 0.999243 -0 -1.03816 -0 0 -1 0.458992 -0.999243 0.0389136 0 1.73625 0 0 0 1 960 960 
37 1.77293 0.974806 0.455745 0.0325783 0.999469 -0 -1.03205 -0 0 -1 0.455745 -0.999469 0.0325783 0 1.74023 0 0 0 1 960 960 
38 1.77182 0.979806 0.455745 0.0261553 0.999658 -0 -1.02581 -0 0 -1 0.455745 -0.999658 0.0261553 0 1.74558 0 0 0 1 960 960 
39 1.76941 0.984806 0.452498 0.0197439 0.999805 -0 -1.01955 -0 0 -1 0.452498 -0.999805 0.0197439 0 1.74962 0 0 0 1 960 960 
40 1.76829 0.989806 0.452498 0.0132672 0.999912 -0 -1.01318 -0 0 -1 0.452498 -0.999912 0.0132672 0 1.75501 0 0 0 1 960 960 
41 1.76588 0.994806 0.449252 0.00678156 0.999977 -0 -1.00676 -0 0 -1 0.449252 -0.999977 0.00678156 0 1.7591 0 0 0 1 960 960 
42 1.76477 0.999806 0.449252 0.000253687 1 -0 -1.00025 -0 0 -1 0.449252 -1 0.000253687 0 1.76452 0 0 0 1 960 960 
43 1.76366 1.00481 0.449252 -0.00629329 0.99998 0 -0.993687 -0 0 -1 0.449252 -0.99998 -0.00629329 0 1.76995 0 0 0 1 960 960 
44 1.76125 1.00981 0.446005 -0.0128804 0.999917 0 -0.987037 -0 0 -1 0.446005 -0.999917 -0.0128804 0 1.77411 0 0 0 1 960 960 
45 1.76014 1.01481 0.446005 -0.0194743 0.99981 0 -0.980336 -0 0 -1 0.446005 -0.99981 -0.0194743 0 1.77957 0 0 0 1 960 960 
46 1.75903 1.01981 0.446005 -0.026085 0.99966 0 -0.973575 -0 0 -1 0.446005 -0.99966 -0.026085 0 1.78503 0 0 0 1 960 960 
47 1.75662 1.02481 0.442758 -0.0327677 0.999463 0 -0.966695 -0 0 -1 0.442758 -0.999463 -0.0327677 0 1.78926 0 0 0 1 960 960 
48 1.75551 1.02981 0.442758 -0.0394209 0.999223 0 -0.959802 -0 0 -1 0.442758 -0.999223 -0.0394209 0 1.79474 0 0 0 1 960 960 
49 1.7544 1.03481 0.442758 -0.0460884 0.998937 0 -0.952849 -0 0 -1 0.442758 -0.998937 -0.0460884 0 1.80023 0 0 0 1 960 960 
50 1.75329 1.03981 0.442758 -0.0527695 0.998607 0 -0.945837 -0 0 -1 0.442758 -0.998607 -0.0527695 0 1.80571 0 0 0 1 960 960 
51 1.75088 1.04481 0.439511 -0.0595656 0.998224 0 -0.938659 -0 0 -1 0.439511 -0.998224 -0.0595656 0 1.81 0 0 0 1 960 960 
52 1.74977 1.04981 0.439511 -0.0662826 0.997801 0 -0.931518 -0 0 -1 0.439511 -0.997801 -0.0662826 0 1.8155 0 0 0 1 960 960 
53 1.74865 1.05481 0.439511 -0.0730106 0.997331 0 -0.924321 -0 0 -1 0.439511 -0.997331 -0.0730106 0 1.821 0 0 0 1 960 960 
54 1.74754 1.05981 0.439511 -0.0797485 0.996815 0 -0.917067 -0 0 -1 0.439511 -0.996815 -0.0797485 0 1.8265 0 0 0 1 960 960 
55 1.74643 1.06481 0.439511 -0.0864956 0.996252 0 -0.909757 -0 0 -1 0.439511 -0.996252 -0.0864956 0 1.83199 0 0 0 1 960 960 
56 1.74532 1.06981 0.439511 -0.0932508 0.995643 0 -0.902392 -0 0 -1 0.439511 -0.995643 -0.0932508 0 1.83748 0 0 0 1 960 960 
57 1.74421 1.07481 0.439511 -0.100013 0.994986 0 -0.894973 -0 0 -1 0.439511 -0.994986 -0.100013 0 1.84296 0 0 0 1 960 960 
58 1.7431 1.07981 0.439511 -0.106782 0.994282 0 -0.8875 -0 0 -1 0.439511 -0.994282 -0.106782 0 1.84844 0 0 0 1 960 960 
59 1.74199 1.08481 0.439511 -0.113556 0.993532 0 -0.879975 -0 0 -1 0.439511 -0.993532 -0.113556 0 1.85391 0 0 0 1 960 960 
60 1.74088 1.08981 0.439511 -0.120335 0.992733 0 -0.872398 -0 0 -1 0.439511 -0.992733 -0.120335 0 1.85937 0 0 0 1 960 960 
61 1.73977 1.09481 0.439511 -0.127117 0.991888 0 -0.864771 -0 0 -1 0.439511 -0.991888 -0.127117 0 1.86482 0 0 0 1 960 960 
62 1.73865 1.09981 0.439511 -0.133902 0.990995 0 -0.857093 -0 0 -1 0.439511 -0.990995 -0.133902 0 1.87026 0 0 0 1 960 960 
63 1.73754 1.10481 0.439511 -0.140688 0.990054 0 -0.849366 -0 0 -1 0.439511 -0.990054 -0.140688 0 1.8757 0 0 0 1 960 960 
64 1.73643 1.10981 0.439511 -0.147475 0.989066 0 -0.841591 -0 0 -1 0.439511 -0.989066 -0.147475 0 1.88111 0 0 0 1 960 960 
65 1.73532 1.11481 0.439511 -0.154262 0.98803 0 -0.833768 -0 0 -1 0.439511 -0.98803 -0.154262 0 1.88652 0 0 0 1 960 960 
66 1.73421 1.11981 0.439511 -0.161047 0.986947 0 -0.8259 -0 0 -1 0.439511 -0.986947 -0.161047 0 1.89191 0 0 0 1 960 960 
67 1.7331 1.12481 0.439511 -0.16783 0.985816 0 -0.817986 -0 0 -1 0.439511 -0.985816 -0.16783 0 1.89729 0 0 0 1 960 960 
68 1.73069 1.12981 0.436264 -0.17491 0.984584 0 -0.809674 -0 0 -1 0.436264 -0.984584 -0.17491 0 1.90162 0 0 0 1 960 960 
69 1.72828 1.13481 0.433018 -0.18201 0.983297 0 -0.801286 -0 0 -1 0.433018 -0.983297 -0.18201 0 1.90596 0 0 0 1 960 960 
70 1.72717 1.13981 0.433018 -0.188803 0.982015 0 -0.793212 -0 0 -1 0.433018 -0.982015 -0.188803 0 1.9113 0 0 0 1 960 960 
71 1.72606 1.14481 0.433018 -0.195589 0.980686 0 -0.785096 -0 0 -1 0.433018 -0.980686 -0.195589 0 1.91663 0 0 0 1 960 960 
72 1.72495 1.14981 0.433018 -0.202369 0.979309 0 -0.776941 -0 0 -1 0.433018 -0.979309 -0.202369 0 1.92194 0 0 0 1 960 960 
73 1.72384 1.15481 0.433018 -0.20914 0.977886 0 -0.768746 -0 0 -1 0.433018 -0.977886 -0.20914 0 1.92723 0 0 0 1 960 960 
74 1.72272 1.15981 0.433018 -0.215901 0.976415 0 -0.760514 -0 0 -1 0.433018 -0.976415 -0.215901 0 1.9325 0 0 0 1 960 960 
75 1.72161 1.16481 0.433018 -0.222653 0.974898 0 -0.752245 -0 0 -1 0.433018 -0.974898 -0.222653 0 1.93774 0 0 0 1 960 960 
76 1.7205 1.16981 0.433018 -0.229393 0.973334 0 -0.743941 -0 0 -1 0.433018 -0.973334 -0.229393 0 1.94297 0 0 0 1 960 960 
77 1.71939 1.17481 0.433018 -0.236121 0.971724 0 -0.735603 -0 0 -1 0.433018 -0.971724 -0.236121 0 1.94817 0 0 0 1 960 960 
78 1.71828 1.17981 0.433018 -0.242836 0.970067 0 -0.727232 -0 0 -1 0.433018 -0.970067 -0.242836 0 1.95335 0 0 0 1 960 960 
79 1.71717 1.18481 0.433018 -0.249536 0.968365 0 -0.718829 -0 0 -1 0.433018 -0.968365 -0.249536 0 1.9585 0 0 0 1 960 960 
80 1.71476 1.18981 0.429771 -0.256657 0.966502 0 -0.709845 -0 0 -1 0.429771 -0.966502 -0.256657 0 1.96269 0 0 0 1 960 960 
81 1.71365 1.19481 0.429771 -0.263337 0.964704 0 -0.701366 -0 0 -1 0.429771 -0.964704 -0.263337 0 1.9678 0 0 0 1 960 960 
82 1.71254 1.19981 0.429771 -0.27 0.96286 0 -0.69286 -0 0 -1 0.429771 -0.96286 -0.27 0 1.97288 0 0 0 1 960 960 
83 1.70883 1.20481 0.423277 -0.277581 0.960702 0 -0.683121 -0 0 -1 0.423277 -0.960702 -0.277581 0 1.97611 0 0 0 1 960 960 
84 1.70772 1.20981 0.423277 -0.284228 0.958757 0 -0.674529 -0 0 -1 0.423277 -0.958757 -0.284228 0 1.98115 0 0 0 1 960 960 
85 1.70661 1.21481 0.423277 -0.290854 0.956767 0 -0.665913 -0 0 -1 0.423277 -0.956767 -0.290854 0 1.98616 0 0 0 1 960 960 
86 1.70549 1.21981 0.423277 -0.29746 0.954734 0 -0.657275 -0 0 -1 0.423277 -0.954734 -0.29746 0 1.99114 0 0 0 1 960 960 
87 1.70438 1.22481 0.423277 -0.304044 0.952658 0 -0.648615 -0 0 -1 0.423277 -0.952658 -0.304044 0 1.99609 0 0 0 1 960 960 
88 1.70327 1.22981 0.423277 -0.310605 0.950539 0 -0.639935 -0 0 -1 0.423277 -0.950539 -0.310605 0 2.00101 0 0 0 1 960 960 
89 1.70216 1.23481 0.423277 -0.317142 0.948378 0 -0.631236 -0 0 -1 0.423277 -0.948378 -0.317142 0 2.0059 0 0 0 1 960 960 
90 1.70105 1.23981 0.423277 -0.323655 0.946175 0 -0.62252 -0 0 -1 0.423277 -0.946175 -0.323655 0 2.01076 0 0 0 1 960 960 
91 1.69994 1.24481 0.423277 -0.330143 0.943931 0 -0.613788 -0 0 -1 0.423277 -0.943931 -0.330143 0 2.01559 0 0 0 1 960 960 
92 1.69753 1.24981 0.420031 -0.33716 0.941447 0 -0.604287 -0 0 -1 0.420031 -0.941447 -0.33716 0 2.01952 0 0 0 1 960 960 
93 1.69642 1.25481 0.420031 -0.343604 0.939115 0 -0.595511 -0 0 -1 0.420031 -0.939115 -0.343604 0 2.02429 0 0 0 1 960 960 
94 1.69531 1.25981 0.420031 -0.35002 0.936742 0 -0.586722 -0 0 -1 0.420031 -0.936742 -0.35002 0 2.02902 0 0 0 1 960 960 
95 1.6942 1.26481 0.420031 -0.356407 0.934331 0 -0.577924 -0 0 -1 0.420031 -0.934331 -0.356407 0 2.03373 0 0 0 1 960 960 
96 1.69308 1.26981 0.420031 -0.362765 0.931881 0 -0.569116 -0 0 -1 0.420031 -0.931881 -0.362765 0 2.03839 0 0 0 1 960 960 
97 1.69197 1.27481 0.420031 -0.369093 0.929393 0 -0.5603 -0 0 -1 0.420031 -0.929393 -0.369093 0 2.04303 0 0 0 1 960 960 
98 1.69216 1.27981 0.423277 -0.374785 0.927112 0 -0.552327 -0 0 -1 0.423277 -0.927112 -0.374785 0 2.04847 0 0 0 1 960 960 
99 1.69105 1.28481 0.423277 -0.381043 0.924558 0 -0.543515 -0 0 -1 0.423277 -0.924558 -0.381043 0 2.05304 0 0 0 1 960 960 
100 1.68994 1.28981 0.423277 -0.387268 0.921967 0 -0.534699 -0 0 -1 0.423277 -0.921967 -0.387268 0 2.05757 0 0 0 1 960 960 
101 1.69013 1.29481 0.426524 -0.392835 0.919609 0 -0.526773 -0 0 -1 0.426524 -0.919609 -0.392835 0 2.0629 0 0 0 1 960 960 
102 1.68902 1.29981 0.426524 -0.398988 0.916956 0 -0.517968 -0 0 -1 0.426524 -0.916956 -0.398988 0 2.06736 0 0 0 1 960 960 
103 1.6879 1.30481 0.426524 -0.405107 0.914269 0 -0.509163 -0 0 -1 0.426524 -0.914269 -0.405107 0 2.07179 0 0 0 1 960 960 
104 1.68679 1.30981 0.426524 -0.411191 0.911549 0 -0.500358 -0 0 -1 0.426524 -0.911549 -0.411191 0 2.07618 0 0 0 1 960 960 
105 1.68568 1.31481 0.426524 -0.417241 0.908796 0 -0.491556 -0 0 -1 0.426524 -0.908796 -0.417241 0 2.08053 0 0 0 1 960 960 
106 1.68457 1.31981 0.426524 -0.423254 0.906011 0 -0.482757 -0 0 -1 0.426524 -0.906011 -0.423254 0 2.08485 0 0 0 1 960 960 
107 1.68346 1.32481 0.426524 -0.429232 0.903194 0 -0.473962 -0 0 -1 0.426524 -0.903194 -0.429232 0 2.08914 0 0 0 1 960 960 
108 1.68235 1.32981 0.426524 -0.435173 0.900347 0 -0.465174 -0 0 -1 0.426524 -0.900347 -0.435173 0 2.09339 0 0 0 1 960 960 
109 1.68124 1.33481 0.426524 -0.441077 0.897469 0 -0.456393 -0 0 -1 0.426524 -0.897469 -0.441077 0 2.09761 0 0 0 1 960 960 
110 1.68143 1.33981 0.429771 -0.446261 0.894903 0 -0.448642 -0 0 -1 0.429771 -0.894903 -0.446261 0 2.10262 0 0 0 1 960 960 
111 1.68031 1.34481 0.429771 -0.452083 0.891976 0 -0.439893 -0 0 -1 0.429771 -0.891976 -0.452083 0 2.10676 0 0 0 1 960 960 
112 1.6818 1.34981 0.436264 -0.456487 0.88973 0 -0.433243 -0 0 -1 0.436264 -0.88973 -0.456487 0 2.11252 0 0 0 1 960 960 
113 1.68069 1.35481 0.436264 -0.462222 0.886764 0 -0.424543 -0 0 -1 0.436264 -0.886764 -0.462222 0 2.1166 0 0 0 1 960 960 
114 1.68088 1.35981 0.439511 -0.46722 0.884141 0 -0.416921 -0 0 -1 0.439511 -0.884141 -0.46722 0 2.12146 0 0 0 1 960 960 
115 1.67977 1.36481 0.439511 -0.472872 0.881131 0 -0.40826 -0 0 -1 0.439511 -0.881131 -0.472872 0 2.12547 0 0 0 1 960 960 
116 1.67865 1.36981 0.439511 -0.478484 0.878096 0 -0.399613 -0 0 -1 0.439511 -0.878096 -0.478484 0 2.12945 0 0 0 1 960 960 
117 1.67754 1.37481 0.439511 -0.484056 0.875037 0 -0.390981 -0 0 -1 0.439511 -0.875037 -0.484056 0 2.1334 0 0 0 1 960 960 
118 1.67643 1.37981 0.439511 -0.489588 0.871954 0 -0.382366 -0 0 -1 0.439511 -0.871954 -0.489588 0 2.13731 0 0 0 1 960 960 
119 1.67662 1.38481 0.442758 -0.494362 0.869256 0 -0.374895 -0 0 -1 0.442758 -0.869256 -0.494362 0 2.14201 0 0 0 1 960 960 
120 1.67551 1.38981 0.442758 -0.499808 0.866136 0 -0.366328 -0 0 -1 0.442758 -0.866136 -0.499808 0 2.14586 0 0 0 1 960 960 
121 1.6744 1.39481 0.442758 -0.505214 0.862994 0 -0.35778 -0 0 -1 0.442758 -0.862994 -0.505214 0 2.14967 0 0 0 1 960 960 
122 1.67329 1.39981 0.442758 -0.510578 0.859831 0 -0.349253 -0 0 -1 0.442758 -0.859831 -0.510578 0 2.15346 0 0 0 1 960 960 
123 1.67347 1.40481 0.446005 -0.515171 0.857088 0 -0.341917 -0 0 -1 0.446005 -0.857088 -0.515171 0 2.15803 0 0 0 1 960 960 
124 1.67236 1.40981 0.446005 -0.520449 0.853893 0 -0.333445 -0 0 -1 0.446005 -0.853893 -0.520449 0 2.16175 0 0 0 1 960 960 
125 1.67125 1.41481 0.446005 -0.525685 0.85068 0 -0.324995 -0 0 -1 0.446005 -0.85068 -0.525685 0 2.16544 0 0 0 1 960 960 
126 1.67014 1.41981 0.446005 -0.530879 0.847448 0 -0.316569 -0 0 -1 0.446005 -0.847448 -0.530879 0 2.1691 0 0 0 1 960 960 
127 1.66903 1.42481 0.446005 -0.536031 0.844199 0 -0.308168 -0 0 -1 0.446005 -0.844199 -0.536031 0 2.17273 0 0 0 1 960 960 
128 1.66792 1.42981 0.446005 -0.54114 0.840932 0 -0.299792 -0 0 -1 0.446005 -0.840932 -0.54114 0 2.17633 0 0 0 1 960 960 
129 1.66681 1.43481 0.446005 -0.546207 0.83765 0 -0.291443 -0 0 -1 0.446005 -0.83765 -0.546207 0 2.1799 0 0 0 1 960 960 
130 1.6657 1.43981 0.446005 -0.551232 0.834352 0 -0.283121 -0 0 -1 0.446005 -0.834352 -0.551232 0 2.18344 0 0 0 1 960 960 
131 1.66588 1.44481 0.449252 -0.555463 0.831541 0 -0.276078 -0 0 -1 0.449252 -0.831541 -0.555463 0 2.18779 0 0 0 1 960 960 
132 1.66477 1.44981 0.449252 -0.5604 0.828222 0 -0.267822 -0 0 -1 0.449252 -0.828222 -0.5604 0 2.19127 0 0 0 1 960 960 
133 1.66626 1.45481 0.455745 -0.563792 0.825917 0 -0.262125 -0 0 -1 0.455745 -0.825917 -0.563792 0 2.1964 0 0 0 1 960 960 
134 1.66515 1.45981 0.455745 -0.56864 0.822586 0 -0.253946 -0 0 -1 0.455745 -0.822586 -0.56864 0 2.19983 0 0 0 1 960 960 
135 1.66404 1.46481 0.455745 -0.573446 0.819244 0 -0.245798 -0 0 -1 0.455745 -0.819244 -0.573446 0 2.20324 0 0 0 1 960 960 
136 1.66422 1.46981 0.458992 -0.577455 0.816422 0 -0.238967 -0 0 -1 0.458992 -0.816422 -0.577455 0 2.20746 0 0 0 1 960 960 
137 1.66311 1.47481 0.458992 -0.582174 0.813064 0 -0.23089 -0 0 -1 0.458992 -0.813064 -0.582174 0 2.21081 0 0 0 1 960 960 
138 1.662 1.47981 0.458992 -0.586851 0.809695 0 -0.222845 -0 0 -1 0.458992 -0.809695 -0.586851 0 2.21414 0 0 0 1 960 960 
139 1.66089 1.48481 0.458992 -0.591484 0.806316 0 -0.214832 -0 0 -1 0.458992 -0.806316 -0.591484 0 2.21744 0 0 0 1 960 960 
140 1.65978 1.48981 0.458992 -0.596076 0.802928 0 -0.206852 -0 0 -1 0.458992 -0.802928 -0.596076 0 2.22072 0 0 0 1 960 960 
141 1.65867 1.49481 0.458992 -0.600624 0.799531 0 -0.198907 -0 0 -1 0.458992 -0.799531 -0.600624 0 2.22398 0 0 0 1 960 960 
142 1.65756 1.49981 0.458992 -0.605131 0.796126 0 -0.190995 -0 0 -1 0.458992 -0.796126 -0.605131 0 2.2272 0 0 0 1 960 960 
143 1.65645 1.50481 0.458992 -0.609595 0.792713 0 -0.183119 -0 0 -1 0.458992 -0.792713 -0.609595 0 2.23041 0 0 0 1 960 960 
144 1.65534 1.50981 0.458992 -0.614016 0.789294 0 -0.175278 -0 0 -1 0.458992 -0.789294 -0.614016 0 2.23359 0 0 0 1 960 960 
145 1.65552 1.51481 0.462239 -0.617637 0.786463 0 -0.168826 -0 0 -1 0.462239 -0.786463 -0.617637 0 2.23761 0 0 0 1 960 960 
146 1.65571 1.51981 0.465485 -0.621218 0.783638 0 -0.16242 -0 0 -1 0.465485 -0.783638 -0.621218 0 2.24161 0 0 0 1 960 960 
147 1.6559 1.52481 0.468732 -0.624758 0.780818 0 -0.15606 -0 0 -1 0.468732 -0.780818 -0.624758 0 2.24559 0 0 0 1 960 960 
148 1.65479 1.52981 0.468732 -0.629012 0.777396 0 -0.148384 -0 0 -1 0.468732 -0.777396 -0.629012 0 2.24869 0 0 0 1 960 960 
149 1.65498 1.53481 0.471979 -0.63247 0.774585 0 -0.142114 -0 0 -1 0.471979 -0.774585 -0.63247 0 2.25264 0 0 0 1 960 960 
150 1.65516 1.53981 0.475226 -0.63589 0.77178 0 -0.13589 -0 0 -1 0.475226 -0.77178 -0.63589 0 2.25657 0 0 0 1 960 960 
151 1.65405 1.54481 0.475226 -0.64002 0.768358 0 -0.128338 -0 0 -1 0.475226 -0.768358 -0.64002 0 2.25961 0 0 0 1 960 960 
152 1.65424 1.54981 0.478472 -0.64336 0.765564 0 -0.122204 -0 0 -1 0.478472 -0.765564 -0.64336 0 2.26351 0 0 0 1 960 960 
153 1.65313 1.55481 0.478472 -0.647409 0.762143 0 -0.114733 -0 0 -1 0.478472 -0.762143 -0.647409 0 2.26652 0 0 0 1 960 960 
154 1.65202 1.55981 0.478472 -0.651418 0.758719 0 -0.107301 -0 0 -1 0.478472 -0.758719 -0.651418 0 2.2695 0 0 0 1 960 960 
155 1.65091 1.56481 0.478472 -0.655386 0.755294 0 -0.0999082 -0 0 -1 0.478472 -0.755294 -0.655386 0 2.27247 0 0 0 1 960 960 
156 1.64979 1.56981 0.478472 -0.659314 0.751868 0 -0.0925539 -0 0 -1 0.478472 -0.751868 -0.659314 0 2.27542 0 0 0 1 960 960 
157 1.64868 1.57481 0.478472 -0.663202 0.748441 0 -0.085239 -0 0 -1 0.478472 -0.748441 -0.663202 0 2.27836 0 0 0 1 960 960 
158 1.64757 1.57981 0.478472 -0.66705 0.745013 0 -0.0779636 -0 0 -1 0.478472 -0.745013 -0.66705 0 2.28127 0 0 0 1 960 960 
159 1.64646 1.58481 0.478472 -0.670858 0.741586 0 -0.0707279 -0 0 -1 0.478472 -0.741586 -0.670858 0 2.28417 0 0 0 1 960 960 
160 1.64535 1.58981 0.478472 -0.674627 0.738159 0 -0.0635324 -0 0 -1 0.478472 -0.738159 -0.674627 0 2.28706 0 0 0 1 960 960 
161 1.64424 1.59481 0.478472 -0.678356 0.734733 0 -0.0563771 -0 0 -1 0.478472 -0.734733 -0.678356 0 2.28992 0 0 0 1 960 960 
162 1.64313 1.59981 0.478472 -0.682047 0.731309 0 -0.0492621 -0 0 -1 0.478472 -0.731309 -0.682047 0 2.29278 0 0 0 1 960 960 
163 1.64202 1.60481 0.478472 -0.685698 0.727886 0 -0.042188 -0 0 -1 0.478472 -0.727886 -0.685698 0 2.29561 0 0 0 1 960 960 
164 1.64091 1.60981 0.478472 -0.689311 0.724466 0 -0.0351546 -0 0 -1 0.478472 -0.724466 -0.689311 0 2.29844 0 0 0 1 960 960 
165 1.6385 1.61481 0.475226 -0.693617 0.720344 0 -0.0267269 -0 0 -1 0.475226 -0.720344 -0.693617 0 2.30034 0 0 0 1 960 960 
166 1.63739 1.61981 0.475226 -0.697151 0.716924 0 -0.0197726 -0 0 -1 0.475226 -0.716924 -0.697151 0 2.30313 0 0 0 1 960 960 
167 1.63627 1.62481 0.475226 -0.700648 0.713508 0 -0.01286 -0 0 -1 0.475226 -0.713508 -0.700648 0 2.30591 0 0 0 1 960 960 
168 1.63386 1.62981 0.471979 -0.704832 0.709374 0 -0.00454155 -0 0 -1 0.471979 -0.709374 -0.704832 0 2.30776 0 0 0 1 960 960 
169 1.63275 1.63481 0.471979 -0.708251 0.705961 0 0.00229055 -0 0 -1 0.471979 -0.705961 -0.708251 0 2.31051 0 0 0 1 960 960 
170 1.63164 1.63981 0.471979 -0.711633 0.702552 0 0.0090807 -0 0 -1 0.471979 -0.702552 -0.711633 0 2.31325 0 0 0 1 960 960 
171 1.63053 1.64481 0.471979 -0.714977 0.699148 0 0.0158287 -0 0 -1 0.471979 -0.699148 -0.714977 0 2.31598 0 0 0 1 960 960 
172 1.62942 1.64981 0.471979 -0.718284 0.69575 0 0.0225347 -0 0 -1 0.471979 -0.69575 -0.718284 0 2.3187 0 0 0 1 960 960 
173 1.62831 1.65481 0.471979 -0.721555 0.692357 0 0.0291986 -0 0 -1 0.471979 -0.692357 -0.721555 0 2.3214 0 0 0 1 960 960 
174 1.6272 1.65981 0.471979 -0.72479 0.68897 0 0.0358201 -0 0 -1 0.471979 -0.68897 -0.72479 0 2.3241 0 0 0 1 960 960 
175 1.62479 1.66481 0.468732 -0.728699 0.684834 0 0.0438644 -0 0 -1 0.468732 -0.684834 -0.728699 0 2.32585 0 0 0 1 960 960 
176 1.62368 1.66981 0.468732 -0.731859 0.681456 0 0.0504031 -0 0 -1 0.468732 -0.681456 -0.731859 0 2.32853 0 0 0 1 960 960 
177 1.62127 1.67481 0.465485 -0.735689 0.677319 0 0.0583698 -0 0 -1 0.465485 -0.677319 -0.735689 0 2.33025 0 0 0 1 960 960 
178 1.62016 1.67981 0.465485 -0.738776 0.673951 0 0.0648248 -0 0 -1 0.465485 -0.673951 -0.738776 0 2.33291 0 0 0 1 960 960 
179 1.61904 1.68481 0.465485 -0.741828 0.670591 0 0.0712372 -0 0 -1 0.465485 -0.670591 -0.741828 0 2.33555 0 0 0 1 960 960 
180 1.61793 1.68981 0.465485 -0.744845 0.667238 0 0.0776072 -0 0 -1 0.465485 -0.667238 -0.744845 0 2.33819 0 0 0 1 960 960 
181 1.61682 1.69481 0.465485 -0.747828 0.663893 0 0.0839348 -0 0 -1 0.465485 -0.663893 -0.747828 0 2.34082 0 0 0 1 960 960 
182 1.61441 1.69981 0.462239 -0.751468 0.65977 0 0.0916975 -0 0 -1 0.462239 -0.65977 -0.751468 0 2.34249 0 0 0 1 960 960 
183 1.6133 1.70481 0.462239 -0.754379 0.656439 0 0.0979407 -0 0 -1 0.462239 -0.656439 -0.754379 0 2.3451 0 0 0 1 960 960 
184 1.61089 1.70981 0.458992 -0.757943 0.652321 0 0.105623 -0 0 -1 0.458992 -0.652321 -0.757943 0 2.34675 0 0 0 1 960 960 
185 1.60978 1.71481 0.458992 -0.760785 0.649004 0 0.111781 -0 0 -1 0.458992 -0.649004 -0.760785 0 2.34935 0 0 0 1 960 960 
186 1.60867 1.71981 0.458992 -0.763594 0.645697 0 0.117897 -0 0 -1 0.458992 -0.645697 -0.763594 0 2.35195 0 0 0 1 960 960 
187 1.60756 1.72481 0.458992 -0.76637 0.642399 0 0.123971 -0 0 -1 0.458992 -0.642399 -0.76637 0 2.35453 0 0 0 1 960 960 
188 1.60645 1.72981 0.458992 -0.769114 0.639111 0 0.130003 -0 0 -1 0.458992 -0.639111 -0.769114 0 2.35712 0 0 0 1 960 960 
189 1.60534 1.73481 0.458992 -0.771826 0.635833 0 0.135993 -0 0 -1 0.458992 -0.635833 -0.771826 0 2.3597 0 0 0 1 960 960 
190 1.60422 1.73981 0.458992 -0.774507 0.632566 0 0.141941 -0 0 -1 0.458992 -0.632566 -0.774507 0 2.36227 0 0 0 1 960 960 
191 1.60182 1.74481 0.455745 -0.777818 0.628489 0 0.149329 -0 0 -1 0.455745 -0.628489 -0.777818 0 2.36387 0 0 0 1 960 960 
192 1.6007 1.74981 0.455745 -0.780432 0.62524 0 0.155192 -0 0 -1 0.455745 -0.62524 -0.780432 0 2.36643 0 0 0 1 960 960 
193 1.59829 1.75481 0.452498 -0.783672 0.621175 0 0.162497 -0 0 -1 0.452498 -0.621175 -0.783672 0 2.36801 0 0 0 1 960 960 
194 1.59718 1.75981 0.452498 -0.786222 0.617945 0 0.168277 -0 0 -1 0.452498 -0.617945 -0.786222 0 2.37057 0 0 0 1 960 960 
195 1.59607 1.76481 0.452498 -0.788741 0.614726 0 0.174015 -0 0 -1 0.452498 -0.614726 -0.788741 0 2.37312 0 0 0 1 960 960 
196 1.59496 1.76981 0.452498 -0.79123 0.611519 0 0.179711 -0 0 -1 0.452498 -0.611519 -0.79123 0 2.37567 0 0 0 1 960 960 
197 1.59385 1.77481 0.452498 -0.79369 0.608323 0 0.185367 -0 0 -1 0.452498 -0.608323 -0.79369 0 2.37822 0 0 0 1 960 960 
198 1.59274 1.77981 0.452498 -0.79612 0.605139 0 0.190981 -0 0 -1 0.452498 -0.605139 -0.79612 0 2.38077 0 0 0 1 960 960 
199 1.59163 1.78481 0.452498 -0.798521 0.601967 0 0.196554 -0 0 -1 0.452498 -0.601967 -0.798521 0 2.38331 0 0 0 1 960 960 
200 1.59052 1.78981 0.452498 -0.800894 0.598806 0 0.202087 -0 0 -1 0.452498 -0.598806 -0.800894 0 2.38586 0 0 0 1 960 960 
201 1.58941 1.79481 0.452498 -0.803238 0.595658 0 0.20758 -0 0 -1 0.452498 -0.595658 -0.803238 0 2.3884 0 0 0 1 960 960 
202 1.58829 1.79981 0.452498 -0.805554 0.592522 0 0.213032 -0 0 -1 0.452498 -0.592522 -0.805554 0 2.39094 0 0 0 1 960 960 
203 1.58718 1.80481 0.452498 -0.807842 0.589398 0 0.218444 -0 0 -1 0.452498 -0.589398 -0.807842 0 2.39348 0 0 0 1 960 960 
204 1.58607 1.80981 0.452498 -0.810103 0.586287 0 0.223816 -0 0 -1 0.452498 -0.586287 -0.810103 0 2.39602 0 0 0 1 960 960 
205 1.58496 1.81481 0.452498 -0.812337 0.583188 0 0.229149 -0 0 -1 0.452498 -0.583188 -0.812337 0 2.39856 0 0 0 1 960 960 
206 1.58385 1.81981 0.452498 -0.814544 0.580102 0 0.234442 -0 0 -1 0.452498 -0.580102 -0.814544 0 2.40111 0 0 0 1 960 960 
207 1.58274 1.82481 0.452498 -0.816724 0.577029 0 0.239695 -0 0 -1 0.452498 -0.577029 -0.816724 0 2.40365 0 0 0 1 960 960 
208 1.58163 1.82981 0.452498 -0.818878 0.573968 0 0.24491 -0 0 -1 0.452498 -0.573968 -0.818878 0 2.40619 0 0 0 1 960 960 
209 1.58052 1.83481 0.452498 -0.821006 0.57092 0 0.250086 -0 0 -1 0.452498 -0.57092 -0.821006 0 2.40873 0 0 0 1 960 960 
210 1.57941 1.83981 0.452498 -0.823108 0.567885 0 0.255223 -0 0 -1 0.452498 -0.567885 -0.823108 0 2.41128 0 0 0 1 960 960 
211 1.57829 1.84481 0.452498 -0.825185 0.564863 0 0.260322 -0 0 -1 0.452498 -0.564863 -0.825185 0 2.41383 0 0 0 1 960 960 
212 1.57718 1.84981 0.452498 -0.827236 0.561854 0 0.265383 -0 0 -1 0.452498 -0.561854 -0.827236 0 2.41637 0 0 0 1 960 960 
213 1.57607 1.85481 0.452498 -0.829263 0.558858 0 0.270405 -0 0 -1 0.452498 -0.558858 -0.829263 0 2.41892 0 0 0 1 960 960 
214 1.57496 1.85981 0.452498 -0.831266 0.555875 0 0.27539 -0 0 -1 0.452498 -0.555875 -0.831266 0 2.42147 0 0 0 1 960 960 
215 1.57515 1.86481 0.455745 -0.832667 0.553774 0 0.278893 -0 0 -1 0.455745 -0.553774 -0.832667 0 2.42504 0 0 0 1 960 960 
216 1.57534 1.86981 0.458992 -0.834052 0.551686 0 0.282366 -0 0 -1 0.458992 -0.551686 -0.834052 0 2.42861 0 0 0 1 960 960 
217 1.57422 1.87481 0.458992 -0.835989 0.548746 0 0.287244 -0 0 -1 0.458992 -0.548746 -0.835989 0 2.43117 0 0 0 1 960 960 
218 1.57311 1.87981 0.458992 -0.837904 0.545818 0 0.292085 -0 0 -1 0.458992 -0.545818 -0.837904 0 2.43373 0 0 0 1 960 960 
219 1.572 1.88481 0.458992 -0.839795 0.542904 0 0.296891 -0 0 -1 0.458992 -0.542904 -0.839795 0 2.4363 0 0 0 1 960 960 
220 1.57219 1.88981 0.462239 -0.841104 0.540873 0 0.300232 -0 0 -1 0.462239 -0.540873 -0.841104 0 2.43988 0 0 0 1 960 960 
221 1.57108 1.89481 0.462239 -0.842954 0.537986 0 0.304968 -0 0 -1 0.462239 -0.537986 -0.842954 0 2.44245 0 0 0 1 960 960 
222 1.56997 1.89981 0.462239 -0.844781 0.535113 0 0.309668 -0 0 -1 0.462239 -0.535113 -0.844781 0 2.44503 0 0 0 1 960 960 
223 1.57016 1.90481 0.465485 -0.846038 0.533123 0 0.312914 -0 0 -1 0.465485 -0.533123 -0.846038 0 2.44862 0 0 0 1 960 960 
224 1.57034 1.90981 0.468732 -0.84728 0.531147 0 0.316133 -0 0 -1 0.468732 -0.531147 -0.84728 0 2.45222 0 0 0 1 960 960 
225 1.56923 1.91481 0.468732 -0.849048 0.528315 0 0.320734 -0 0 -1 0.468732 -0.528315 -0.849048 0 2.45481 0 0 0 1 960 960 
226 1.56812 1.91981 0.468732 -0.850796 0.525497 0 0.325299 -0 0 -1 0.468732 -0.525497 -0.850796 0 2.4574 0 0 0 1 960 960 
227 1.56701 1.92481 0.468732 -0.852522 0.522692 0 0.32983 -0 0 -1 0.468732 -0.522692 -0.852522 0 2.46 0 0 0 1 960 960 
228 1.5659 1.92981 0.468732 -0.854227 0.5199 0 0.334327 -0 0 -1 0.468732 -0.5199 -0.854227 0 2.4626 0 0 0 1 960 960 
229 1.56479 1.93481 0.468732 -0.855912 0.517122 0 0.33879 -0 0 -1 0.468732 -0.517122 -0.855912 0 2.46521 0 0 0 1 960 960 
230 1.56368 1.93981 0.468732 -0.857576 0.514357 0 0.343219 -0 0 -1 0.468732 -0.514357 -0.857576 0 2.46782 0 0 0 1 960 960 
231 1.56257 1.94481 0.468732 -0.859221 0.511605 0 0.347615 -0 0 -1 0.468732 -0.511605 -0.859221 0 2.47043 0 0 0 1 960 960 
232 1.56145 1.94981 0.468732 -0.860845 0.508867 0 0.351978 -0 0 -1 0.468732 -0.508867 -0.860845 0 2.47305 0 0 0 1 960 960 
233 1.55904 1.95481 0.465485 -0.862962 0.505269 0 0.357693 -0 0 -1 0.465485 -0.505269 -0.862962 0 2.47466 0 0 0 1 960 960 
234 1.55793 1.95981 0.465485 -0.864544 0.502558 0 0.361986 -0 0 -1 0.465485 -0.502558 -0.864544 0 2.47729 0 0 0 1 960 960 
235 1.55682 1.96481 0.465485 -0.866107 0.499859 0 0.366247 -0 0 -1 0.465485 -0.499859 -0.866107 0 2.47992 0 0 0 1 960 960 
236 1.55571 1.96981 0.465485 -0.86765 0.497175 0 0.370476 -0 0 -1 0.465485 -0.497175 -0.86765 0 2.48256 0 0 0 1 960 960 
237 1.5546 1.97481 0.465485 -0.869176 0.494503 0 0.374672 -0 0 -1 0.465485 -0.494503 -0.869176 0 2.48521 0 0 0 1 960 960 
238 1.55349 1.97981 0.465485 -0.870683 0.491845 0 0.378837 -0 0 -1 0.465485 -0.491845 -0.870683 0 2.48786 0 0 0 1 960 960 
239 1.55238 1.98481 0.465485 -0.872171 0.489201 0 0.38297 -0 0 -1 0.465485 -0.489201 -0.872171 0 2.49052 0 0 0 1 960 960 
240 1.55127 1.98981 0.465485 -0.873642 0.48657 0 0.387072 -0 0 -1 0.465485 -0.48657 -0.873642 0 2.49318 0 0 0 1 960 960 
241 1.55016 1.99481 0.465485 -0.875095 0.483952 0 0.391143 -0 0 -1 0.465485 -0.483952 -0.875095 0 2.49584 0 0 0 1 960 960 
242 1.54904 1.99981 0.465485 -0.87653 0.481347 0 0.395183 -0 0 -1 0.465485 -0.481347 -0.87653 0 2.49852 0 0 0 1 960 960 
243 1.54793 2.00481 0.465485 -0.877948 0.478756 0 0.399192 -0 0 -1 0.465485 -0.478756 -0.877948 0 2.5012 0 0 0 1 960 960 
244 1.54682 2.00981 0.465485 -0.879349 0.476178 0 0.403171 -0 0 -1 0.465485 -0.476178 -0.879349 0 2.50388 0 0 0 1 960 960 
245 1.54571 2.01481 0.465485 -0.880733 0.473613 0 0.407119 -0 0 -1 0.465485 -0.473613 -0.880733 0 2.50658 0 0 0 1 960 960 
246 1.5446 2.01981 0.465485 -0.8821 0.471062 0 0.411038 -0 0 -1 0.465485 -0.471062 -0.8821 0 2.50927 0 0 0 1 960 960 
247 1.54349 2.02481 0.465485 -0.883451 0.468524 0 0.414927 -0 0 -1 0.465485 -0.468524 -0.883451 0 2.51198 0 0 0 1 960 960 
248 1.54238 2.02981 0.465485 -0.884785 0.465999 0 0.418787 -0 0 -1 0.465485 -0.465999 -0.884785 0 2.51469 0 0 0 1 960 960 
249 1.54127 2.03481 0.465485 -0.886104 0.463486 0 0.422618 -0 0 -1 0.465485 -0.463486 -0.886104 0 2.51741 0 0 0 1 960 960 
250 1.54016 2.03981 0.465485 -0.887407 0.460988 0 0.426419 -0 0 -1 0.465485 -0.460988 -0.887407 0 2.52013 0 0 0 1 960 960 
251 1.53904 2.04481 0.465485 -0.888694 0.458502 0 0.430192 -0 0 -1 0.465485 -0.458502 -0.888694 0 2.52286 0 0 0 1 960 960 
252 1.53793 2.04981 0.465485 -0.889965 0.456029 0 0.433936 -0 0 -1 0.465485 -0.456029 -0.889965 0 2.5256 0 0 0 1 960 960 
253 1.53682 2.05481 0.465485 -0.891221 0.453569 0 0.437652 -0 0 -1 0.465485 -0.453569 -0.891221 0 2.52834 0 0 0 1 960 960 
254 1.53571 2.05981 0.465485 -0.892462 0.451122 0 0.44134 -0 0 -1 0.465485 -0.451122 -0.892462 0 2.53109 0 0 0 1 960 960 
255 1.5346 2.06481 0.465485 -0.893688 0.448688 0 0.445 -0 0 -1 0.465485 -0.448688 -0.893688 0 2.53385 0 0 0 1 960 960 
256 1.53349 2.06981 0.465485 -0.8949 0.446267 0 0.448633 -0 0 -1 0.465485 -0.446267 -0.8949 0 2.53661 0 0 0 1 960 960 
257 1.53238 2.07481 0.465485 -0.896097 0.443859 0 0.452238 -0 0 -1 0.465485 -0.443859 -0.896097 0 2.53939 0 0 0 1 960 960 
258 1.53127 2.07981 0.465485 -0.897279 0.441463 0 0.455816 -0 0 -1 0.465485 -0.441463 -0.897279 0 2.54217 0 0 0 1 960 960 
259 1.53016 2.08481 0.465485 -0.898448 0.439081 0 0.459367 -0 0 -1 0.465485 -0.439081 -0.898448 0 2.54495 0 0 0 1 960 960 
260 1.52904 2.08981 0.465485 -0.899602 0.43671 0 0.462892 -0 0 -1 0.465485 -0.43671 -0.899602 0 2.54774 0 0 0 1 960 960 
261 1.52793 2.09481 0.465485 -0.900743 0.434353 0 0.46639 -0 0 -1 0.465485 -0.434353 -0.900743 0 2.55054 0 0 0 1 960 960 
262 1.52682 2.09981 0.465485 -0.90187 0.432008 0 0.469862 -0 0 -1 0.465485 -0.432008 -0.90187 0 2.55335 0 0 0 1 960 960 
263 1.52701 2.10481 0.468732 -0.902571 0.430541 0 0.47203 -0 0 -1 0.468732 -0.430541 -0.902571 0 2.55718 0 0 0 1 960 960 
264 1.5259 2.10981 0.468732 -0.903674 0.42822 0 0.475454 -0 0 -1 0.468732 -0.42822 -0.903674 0 2.56 0 0 0 1 960 960 
265 1.52479 2.11481 0.468732 -0.904765 0.425912 0 0.478853 -0 0 -1 0.468732 -0.425912 -0.904765 0 2.56283 0 0 0 1 960 960 
266 1.52238 2.11981 0.465485 -0.906245 0.422754 0 0.483491 -0 0 -1 0.465485 -0.422754 -0.906245 0 2.56465 0 0 0 1 960 960 
267 1.52127 2.12481 0.465485 -0.907306 0.420471 0 0.486835 -0 0 -1 0.465485 -0.420471 -0.907306 0 2.5675 0 0 0 1 960 960 
268 1.52016 2.12981 0.465485 -0.908355 0.418201 0 0.490154 -0 0 -1 0.465485 -0.418201 -0.908355 0 2.57035 0 0 0 1 960 960 
269 1.51904 2.13481 0.465485 -0.909391 0.415943 0 0.493448 -0 0 -1 0.465485 -0.415943 -0.909391 0 2.57321 0 0 0 1 960 960 
270 1.51663 2.13981 0.462239 -0.910805 0.412837 0 0.497969 -0 0 -1 0.462239 -0.412837 -0.910805 0 2.57507 0 0 0 1 960 960 
271 1.51552 2.14481 0.462239 -0.911814 0.410604 0 0.50121 -0 0 -1 0.462239 -0.410604 -0.911814 0 2.57794 0 0 0 1 960 960 
272 1.51441 2.14981 0.462239 -0.912811 0.408383 0 0.504428 -0 0 -1 0.462239 -0.408383 -0.912811 0 2.58083 0 0 0 1 960 960 
273 1.5133 2.15481 0.462239 -0.913796 0.406174 0 0.507621 -0 0 -1 0.462239 -0.406174 -0.913796 0 2.58372 0 0 0 1 960 960 
274 1.51219 2.15981 0.462239 -0.914769 0.403978 0 0.510791 -0 0 -1 0.462239 -0.403978 -0.914769 0 2.58661 0 0 0 1 960 960 
275 1.50978 2.16481 0.458992 -0.916106 0.400936 0 0.51517 -0 0 -1 0.458992 -0.400936 -0.916106 0 2.58852 0 0 0 1 960 960 
276 1.50867 2.16981 0.458992 -0.917053 0.398764 0 0.518289 -0 0 -1 0.458992 -0.398764 -0.917053 0 2.59143 0 0 0 1 960 960 
277 1.50756 2.17481 0.458992 -0.91799 0.396604 0 0.521385 -0 0 -1 0.458992 -0.396604 -0.91799 0 2.59435 0 0 0 1 960 960 
278 1.50645 2.17981 0.458992 -0.918915 0.394456 0 0.524459 -0 0 -1 0.458992 -0.394456 -0.918915 0 2.59728 0 0 0 1 960 960 
279 1.50404 2.18481 0.455745 -0.920193 0.391466 0 0.528727 -0 0 -1 0.455745 -0.391466 -0.920193 0 2.59922 0 0 0 1 960 960 
280 1.50293 2.18981 0.455745 -0.921093 0.389342 0 0.531751 -0 0 -1 0.455745 -0.389342 -0.921093 0 2.60217 0 0 0 1 960 960 
281 1.50182 2.19481 0.455745 -0.921983 0.38723 0 0.534753 -0 0 -1 0.455745 -0.38723 -0.921983 0 2.60512 0 0 0 1 960 960 
282 1.5007 2.19981 0.455745 -0.922862 0.38513 0 0.537733 -0 0 -1 0.455745 -0.38513 -0.922862 0 2.60808 0 0 0 1 960 960 
283 1.49959 2.20481 0.455745 -0.923732 0.383041 0 0.540691 -0 0 -1 0.455745 -0.383041 -0.923732 0 2.61105 0 0 0 1 960 960 
284 1.49718 2.20981 0.452498 -0.92494 0.380114 0 0.544825 -0 0 -1 0.452498 -0.380114 -0.92494 0 2.61304 0 0 0 1 960 960 
285 1.49607 2.21481 0.452498 -0.925786 0.378049 0 0.547737 -0 0 -1 0.452498 -0.378049 -0.925786 0 2.61602 0 0 0 1 960 960 
286 1.49496 2.21981 0.452498 -0.926622 0.375995 0 0.550626 -0 0 -1 0.452498 -0.375995 -0.926622 0 2.61902 0 0 0 1 960 960 
287 1.49515 2.22481 0.455745 -0.927106 0.374798 0 0.552308 -0 0 -1 0.455745 -0.374798 -0.927106 0 2.62301 0 0 0 1 960 960 
288 1.49404 2.22981 0.455745 -0.927925 0.372766 0 0.55516 -0 0 -1 0.455745 -0.372766 -0.927925 0 2.62602 0 0 0 1 960 960 
289 1.49293 2.23481 0.455745 -0.928735 0.370745 0 0.55799 -0 0 -1 0.455745 -0.370745 -0.928735 0 2.62904 0 0 0 1 960 960 
290 1.49182 2.23981 0.455745 -0.929535 0.368735 0 0.5608 -0 0 -1 0.455745 -0.368735 -0.929535 0 2.63206 0 0 0 1 960 960 
291 1.4907 2.24481 0.455745 -0.930325 0.366735 0 0.56359 -0 0 -1 0.455745 -0.366735 -0.930325 0 2.63509 0 0 0 1 960 960 
292 1.48959 2.24981 0.455745 -0.931107 0.364747 0 0.56636 -0 0 -1 0.455745 -0.364747 -0.931107 0 2.63813 0 0 0 1 960 960 
293 1.48848 2.25481 0.455745 -0.931879 0.36277 0 0.569109 -0 0 -1 0.455745 -0.36277 -0.931879 0 2.64118 0 0 0 1 960 960 
294 1.48607 2.25981 0.452498 -0.932965 0.359967 0 0.572998 -0 0 -1 0.452498 -0.359967 -0.932965 0 2.64326 0 0 0 1 960 960 
295 1.48496 2.26481 0.452498 -0.933717 0.358012 0 0.575705 -0 0 -1 0.452498 -0.358012 -0.933717 0 2.64632 0 0 0 1 960 960 
296 1.48255 2.26981 0.449252 -0.934778 0.355234 0 0.579544 -0 0 -1 0.449252 -0.355234 -0.934778 0 2.64842 0 0 0 1 960 960 
297 1.48144 2.27481 0.449252 -0.935509 0.353302 0 0.582207 -0 0 -1 0.449252 -0.353302 -0.935509 0 2.6515 0 0 0 1 960 960 
298 1.48033 2.27981 0.449252 -0.936233 0.351381 0 0.584852 -0 0 -1 0.449252 -0.351381 -0.936233 0 2.65459 0 0 0 1 960 960 
299 1.47922 2.28481 0.449252 -0.936947 0.34947 0 0.587477 -0 0 -1 0.449252 -0.34947 -0.936947 0 2.65769 0 0 0 1 960 960 
300 1.47681 2.28981 0.446005 -0.937961 0.34674 0 0.591221 -0 0 -1 0.446005 -0.34674 -0.937961 0 2.65982 0 0 0 1 960 960 
301 1.4757 2.29481 0.446005 -0.938657 0.344852 0 0.593805 -0 0 -1 0.446005 -0.344852 -0.938657 0 2.66293 0 0 0 1 960 960 
302 1.47459 2.29981 0.446005 -0.939345 0.342974 0 0.596371 -0 0 -1 0.446005 -0.342974 -0.939345 0 2.66606 0 0 0 1 960 960 
303 1.47347 2.30481 0.446005 -0.940025 0.341106 0 0.598918 -0 0 -1 0.446005 -0.341106 -0.940025 0 2.66919 0 0 0 1 960 960 
304 1.47106 2.30981 0.442758 -0.940994 0.338423 0 0.602571 -0 0 -1 0.442758 -0.338423 -0.940994 0 2.67136 0 0 0 1 960 960 
305 1.46995 2.31481 0.442758 -0.941656 0.336578 0 0.605078 -0 0 -1 0.442758 -0.336578 -0.941656 0 2.6745 0 0 0 1 960 960 
306 1.46884 2.31981 0.442758 -0.94231 0.334742 0 0.607567 -0 0 -1 0.442758 -0.334742 -0.94231 0 2.67766 0 0 0 1 960 960 
307 1.46773 2.32481 0.442758 -0.942956 0.332917 0 0.610039 -0 0 -1 0.442758 -0.332917 -0.942956 0 2.68082 0 0 0 1 960 960 
308 1.46662 2.32981 0.442758 -0.943595 0.331101 0 0.612494 -0 0 -1 0.442758 -0.331101 -0.943595 0 2.68399 0 0 0 1 960 960 
309 1.46421 2.33481 0.439511 -0.944512 0.328476 0 0.616036 -0 0 -1 0.439511 -0.328476 -0.944512 0 2.68621 0 0 0 1 960 960 
310 1.4631 2.33981 0.439511 -0.945134 0.326682 0 0.618452 -0 0 -1 0.439511 -0.326682 -0.945134 0 2.6894 0 0 0 1 960 960 
311 1.46199 2.34481 0.439511 -0.945749 0.324898 0 0.620851 -0 0 -1 0.439511 -0.324898 -0.945749 0 2.6926 0 0 0 1 960 960 
312 1.46088 2.34981 0.439511 -0.946357 0.323124 0 0.623233 -0 0 -1 0.439511 -0.323124 -0.946357 0 2.6958 0 0 0 1 960 960 
313 1.45977 2.35481 0.439511 -0.946957 0.321359 0 0.625599 -0 0 -1 0.439511 -0.321359 -0.946957 0 2.69901 0 0 0 1 960 960 
314 1.45865 2.35981 0.439511 -0.947551 0.319604 0 0.627948 -0 0 -1 0.439511 -0.319604 -0.947551 0 2.70223 0 0 0 1 960 960 
315 1.45754 2.36481 0.439511 -0.948138 0.317858 0 0.63028 -0 0 -1 0.439511 -0.317858 -0.948138 0 2.70546 0 0 0 1 960 960 
316 1.45643 2.36981 0.439511 -0.948718 0.316122 0 0.632596 -0 0 -1 0.439511 -0.316122 -0.948718 0 2.70869 0 0 0 1 960 960 
317 1.45532 2.37481 0.439511 -0.949292 0.314396 0 0.634896 -0 0 -1 0.439511 -0.314396 -0.949292 0 2.71193 0 0 0 1 960 960 
318 1.45421 2.37981 0.439511 -0.949859 0.312679 0 0.63718 -0 0 -1 0.439511 -0.312679 -0.949859 0 2.71518 0 0 0 1 960 960 
319 1.4531 2.38481 0.439511 -0.950419 0.310971 0 0.639448 -0 0 -1 0.439511 -0.310971 -0.950419 0 2.71844 0 0 0 1 960 960 
320 1.45199 2.38981 0.439511 -0.950973 0.309272 0 0.641701 -0 0 -1 0.439511 -0.309272 -0.950973 0 2.7217 0 0 0 1 960 960 
321 1.45088 2.39481 0.439511 -0.951521 0.307583 0 0.643938 -0 0 -1 0.439511 -0.307583 -0.951521 0 2.72497 0 0 0 1 960 960 
322 1.44977 2.39981 0.439511 -0.952063 0.305903 0 0.646159 -0 0 -1 0.439511 -0.305903 -0.952063 0 2.72825 0 0 0 1 960 960 
323 1.44865 2.40481 0.439511 -0.952598 0.304233 0 0.648365 -0 0 -1 0.439511 -0.304233 -0.952598 0 2.73154 0 0 0 1 960 960 
324 1.44754 2.40981 0.439511 -0.953127 0.302571 0 0.650556 -0 0 -1 0.439511 -0.302571 -0.953127 0 2.73484 0 0 0 1 960 960 
325 1.44643 2.41481 0.439511 -0.95365 0.300918 0 0.652732 -0 0 -1 0.439511 -0.300918 -0.95365 0 2.73814 0 0 0 1 960 960 
