0 2.82534 1.78481 0.348992 -0.39499 0.918685 0 -0.523695 -0 0 -1 0.348992 -0.918685 -0.39499 0 3.30058 0 0 0 1 960 960 
1 2.83534 1.78518 0.355485 -0.39333 0.919397 0 -0.526067 -0 0 -1 0.355485 -0.919397 -0.39333 0 3.30897 0 0 0 1 960 960 
2 2.84534 1.78296 0.355485 -0.390588 0.920566 0 -0.529978 -0 0 -1 0.355485 -0.920566 -0.390588 0 3.31572 0 0 0 1 960 960 
3 2.85534 1.78074 0.355485 -0.387864 0.921717 0 -0.533853 -0 0 -1 0.355485 -0.921717 -0.387864 0 3.32249 0 0 0 1 960 960 
4 2.86534 1.77981 0.358732 -0.385707 0.922621 0 -0.536915 -0 0 -1 0.358732 -0.922621 -0.385707 0 3.33011 0 0 0 1 960 960 
5 2.87534 1.77759 0.358732 -0.38302 0.92374 0 -0.54072 -0 0 -1 0.358732 -0.92374 -0.38302 0 3.33692 0 0 0 1 960 960 
6 2.88534 1.77537 0.358732 -0.380353 0.924841 0 -0.544488 -0 0 -1 0.358732 -0.924841 -0.380353 0 3.34374 0 0 0 1 960 960 
7 2.89534 1.77315 0.358732 -0.377704 0.925926 0 -0.548222 -0 0 -1 0.358732 -0.925926 -0.377704 0 3.35059 0 0 0 1 960 960 
8 2.90534 1.77092 0.358732 -0.375074 0.926995 0 -0.55192 -0 0 -1 0.358732 -0.926995 -0.375074 0 3.35746 0 0 0 1 960 960 
9 2.91534 1.7687 0.358732 -0.372463 0.928047 0 -0.555584 -0 0 -1 0.358732 -0.928047 -0.372463 0 3.36435 0 0 0 1 960 960 
10 2.92534 1.76648 0.358732 -0.36987 0.929084 0 -0.559214 -0 0 -1 0.358732 -0.929084 -0.36987 0 3.37125 0 0 0 1 960 960 
11 2.93534 1.76426 0.358732 -0.367295 0.930104 0 -0.562809 -0 0 -1 0.358732 -0.930104 -0.367295 0 3.37817 0 0 0 1 960 960 
12 2.94534 1.76204 0.358732 -0.364738 0.93111 0 -0.566372 -0 0 -1 0.358732 -0.93111 -0.364738 0 3.38511 0 0 0 1 960 960 
13 2.95534 1.75981 0.358732 -0.3622 0.9321 0 -0.569901 -0 0 -1 0.358732 -0.9321 -0.3622 0 3.39207 0 0 0 1 960 960 
14 2.96534 1.75759 0.358732 -0.359679 0.933076 0 -0.573397 -0 0 -1 0.358732 -0.933076 -0.359679 0 3.39905 0 0 0 1 960 960 
15 2.97534 1.75537 0.358732 -0.357176 0.934037 0 -0.576861 -0 0 -1 0.358732 -0.934037 -0.357176 0 3.40605 0 0 0 1 960 960 
16 2.98534 1.75445 0.361979 -0.355225 0.934781 0 -0.579556 -0 0 -1 0.361979 -0.934781 -0.355225 0 3.41386 0 0 0 1 960 960 
17 2.99534 1.75222 0.361979 -0.352756 0.935715 0 -0.582959 -0 0 -1 0.361979 -0.935715 -0.352756 0 3.42089 0 0 0 1 960 960 
18 3.00534 1.75 0.361979 -0.350304 0.936636 0 -0.586332 -0 0 -1 0.361979 -0.936636 -0.350304 0 3.42794 0 0 0 1 960 960 
19 3.01534 1.74908 0.365226 -0.348401 0.937346 0 -0.588945 -0 0 -1 0.365226 -0.937346 -0.348401 0 3.43579 0 0 0 1 960 960 
20 3.02534 1.74815 0.368472 -0.346512 0.938046 0 -0.591534 -0 0 -1 0.368472 -0.938046 -0.346512 0 3.44366 0 0 0 1 960 960 
21 3.03534 1.74593 0.368472 -0.344109 0.93893 0 -0.594821 -0 0 -1 0.368472 -0.93893 -0.344109 0 3.45076 0 0 0 1 960 960 
22 3.04534 1.74371 0.368472 -0.341723 0.939801 0 -0.598078 -0 0 -1 0.368472 -0.939801 -0.341723 0 3.45787 0 0 0 1 960 960 
23 3.05534 1.74149 0.368472 -0.339354 0.940659 0 -0.601305 -0 0 -1 0.368472 -0.940659 -0.339354 0 3.46501 0 0 0 1 960 960 
24 3.06534 1.73926 0.368472 -0.337001 0.941504 0 -0.604503 -0 0 -1 0.368472 -0.941504 -0.337001 0 3.47216 0 0 0 1 960 960 
25 3.07534 1.73704 0.368472 -0.334665 0.942337 0 -0.607672 -0 0 -1 0.368472 -0.942337 -0.334665 0 3.47933 0 0 0 1 960 960 
26 3.08534 1.73482 0.368472 -0.332345 0.943158 0 -0.610812 -0 0 -1 0.368472 -0.943158 -0.332345 0 3.48652 0 0 0 1 960 960 
27 3.09534 1.7313 0.365226 -0.32952 0.944149 0 -0.614628 -0 0 -1 0.365226 -0.944149 -0.32952 0 3.49295 0 0 0 1 960 960 
28 3.10534 1.72778 0.361979 -0.326713 0.945124 0 -0.618411 -0 0 -1 0.361979 -0.945124 -0.326713 0 3.49941 0 0 0 1 960 960 
29 3.11534 1.72556 0.361979 -0.324444 0.945905 0 -0.621461 -0 0 -1 0.361979 -0.945905 -0.324444 0 3.50666 0 0 0 1 960 960 
30 3.12534 1.72204 0.358732 -0.321672 0.946851 0 -0.62518 -0 0 -1 0.358732 -0.946851 -0.321672 0 3.51316 0 0 0 1 960 960 
31 3.13534 1.71981 0.358732 -0.319435 0.947608 0 -0.628173 -0 0 -1 0.358732 -0.947608 -0.319435 0 3.52044 0 0 0 1 960 960 
32 3.14534 1.71629 0.355485 -0.316697 0.948527 0 -0.631829 -0 0 -1 0.355485 -0.948527 -0.316697 0 3.52698 0 0 0 1 960 960 
33 3.15534 1.71277 0.352239 -0.313977 0.94943 0 -0.635453 -0 0 -1 0.352239 -0.94943 -0.313977 0 3.53354 0 0 0 1 960 960 
34 3.16534 1.71055 0.352239 -0.31179 0.950151 0 -0.638362 -0 0 -1 0.352239 -0.950151 -0.31179 0 3.54088 0 0 0 1 960 960 
35 3.17534 1.70833 0.352239 -0.309617 0.950861 0 -0.641244 -0 0 -1 0.352239 -0.950861 -0.309617 0 3.54823 0 0 0 1 960 960 
36 3.18534 1.70481 0.348992 -0.306947 0.951727 0 -0.644779 -0 0 -1 0.348992 -0.951727 -0.306947 0 3.55485 0 0 0 1 960 960 
37 3.19534 1.70129 0.345745 -0.304295 0.952578 0 -0.648283 -0 0 -1 0.345745 -0.952578 -0.304295 0 3.5615 0 0 0 1 960 960 
38 3.20534 1.69906 0.345745 -0.302169 0.953254 0 -0.651085 -0 0 -1 0.345745 -0.953254 -0.302169 0 3.5689 0 0 0 1 960 960 
39 3.21534 1.69554 0.342498 -0.29955 0.954081 0 -0.654531 -0 0 -1 0.342498 -0.954081 -0.29955 0 3.57559 0 0 0 1 960 960 
40 3.22534 1.69332 0.342498 -0.297455 0.954736 0 -0.657281 -0 0 -1 0.342498 -0.954736 -0.297455 0 3.58303 0 0 0 1 960 960 
41 3.23534 1.6898 0.339251 -0.294868 0.955538 0 -0.66067 -0 0 -1 0.339251 -0.955538 -0.294868 0 3.58975 0 0 0 1 960 960 
42 3.24534 1.68758 0.339251 -0.292803 0.956173 0 -0.663369 -0 0 -1 0.339251 -0.956173 -0.292803 0 3.59723 0 0 0 1 960 960 
43 3.25534 1.68535 0.339251 -0.290753 0.956798 0 -0.666045 -0 0 -1 0.339251 -0.956798 -0.290753 0 3.60472 0 0 0 1 960 960 
44 3.26534 1.68183 0.336005 -0.288214 0.957566 0 -0.669353 -0 0 -1 0.336005 -0.957566 -0.288214 0 3.6115 0 0 0 1 960 960 
45 3.27534 1.67961 0.336005 -0.286193 0.958172 0 -0.671979 -0 0 -1 0.336005 -0.958172 -0.286193 0 3.61903 0 0 0 1 960 960 
46 3.28534 1.67739 0.336005 -0.284186 0.958769 0 -0.674584 -0 0 -1 0.336005 -0.958769 -0.284186 0 3.62657 0 0 0 1 960 960 
47 3.29534 1.67387 0.332758 -0.281693 0.959505 0 -0.677812 -0 0 -1 0.332758 -0.959505 -0.281693 0 3.63341 0 0 0 1 960 960 
48 3.30534 1.67165 0.332758 -0.279715 0.960083 0 -0.680369 -0 0 -1 0.332758 -0.960083 -0.279715 0 3.64098 0 0 0 1 960 960 
49 3.31534 1.66942 0.332758 -0.27775 0.960653 0 -0.682904 -0 0 -1 0.332758 -0.960653 -0.27775 0 3.64857 0 0 0 1 960 960 
50 3.32534 1.6672 0.332758 -0.275799 0.961215 0 -0.685417 -0 0 -1 0.332758 -0.961215 -0.275799 0 3.65618 0 0 0 1 960 960 
51 3.33534 1.66368 0.329511 -0.273366 0.96191 0 -0.688544 -0 0 -1 0.329511 -0.96191 -0.273366 0 3.66309 0 0 0 1 960 960 
52 3.34534 1.66146 0.329511 -0.271442 0.962455 0 -0.691012 -0 0 -1 0.329511 -0.962455 -0.271442 0 3.67072 0 0 0 1 960 960 
53 3.35534 1.65924 0.329511 -0.269532 0.962991 0 -0.693459 -0 0 -1 0.329511 -0.962991 -0.269532 0 3.67838 0 0 0 1 960 960 
54 3.36534 1.65701 0.329511 -0.267635 0.96352 0 -0.695886 -0 0 -1 0.329511 -0.96352 -0.267635 0 3.68604 0 0 0 1 960 960 
55 3.37534 1.65479 0.329511 -0.26575 0.964042 0 -0.698291 -0 0 -1 0.329511 -0.964042 -0.26575 0 3.69373 0 0 0 1 960 960 
56 3.38534 1.65257 0.329511 -0.263879 0.964556 0 -0.700677 -0 0 -1 0.329511 -0.964556 -0.263879 0 3.70142 0 0 0 1 960 960 
57 3.39534 1.65035 0.329511 -0.26202 0.965062 0 -0.703043 -0 0 -1 0.329511 -0.965062 -0.26202 0 3.70914 0 0 0 1 960 960 
58 3.40534 1.64812 0.329511 -0.260174 0.965562 0 -0.705388 -0 0 -1 0.329511 -0.965562 -0.260174 0 3.71686 0 0 0 1 960 960 
59 3.41534 1.6459 0.329511 -0.25834 0.966054 0 -0.707714 -0 0 -1 0.329511 -0.966054 -0.25834 0 3.7246 0 0 0 1 960 960 
60 3.42534 1.64368 0.329511 -0.256518 0.966539 0 -0.710021 -0 0 -1 0.329511 -0.966539 -0.256518 0 3.73236 0 0 0 1 960 960 
61 3.43534 1.64146 0.329511 -0.254709 0.967018 0 -0.712309 -0 0 -1 0.329511 -0.967018 -0.254709 0 3.74012 0 0 0 1 960 960 
62 3.44534 1.63924 0.329511 -0.252912 0.967489 0 -0.714578 -0 0 -1 0.329511 -0.967489 -0.252912 0 3.74791 0 0 0 1 960 960 
63 3.45534 1.63701 0.329511 -0.251127 0.967954 0 -0.716828 -0 0 -1 0.329511 -0.967954 -0.251127 0 3.7557 0 0 0 1 960 960 
64 3.46534 1.63479 0.329511 -0.249353 0.968413 0 -0.719059 -0 0 -1 0.329511 -0.968413 -0.249353 0 3.76352 0 0 0 1 960 960 
65 3.47534 1.63257 0.329511 -0.247592 0.968864 0 -0.721272 -0 0 -1 0.329511 -0.968864 -0.247592 0 3.77134 0 0 0 1 960 960 
66 3.48534 1.63035 0.329511 -0.245843 0.96931 0 -0.723467 -0 0 -1 0.329511 -0.96931 -0.245843 0 3.77918 0 0 0 1 960 960 
67 3.49534 1.62812 0.329511 -0.244105 0.969749 0 -0.725644 -0 0 -1 0.329511 -0.969749 -0.244105 0 3.78703 0 0 0 1 960 960 
68 3.50534 1.6246 0.326264 -0.241905 0.9703 0 -0.728395 -0 0 -1 0.326264 -0.9703 -0.241905 0 3.79423 0 0 0 1 960 960 
69 3.51534 1.62108 0.323018 -0.239719 0.970842 0 -0.731123 -0 0 -1 0.323018 -0.970842 -0.239719 0 3.80144 0 0 0 1 960 960 
70 3.52534 1.61886 0.323018 -0.238018 0.971261 0 -0.733243 -0 0 -1 0.323018 -0.971261 -0.238018 0 3.80934 0 0 0 1 960 960 
71 3.53534 1.61664 0.323018 -0.236328 0.971673 0 -0.735345 -0 0 -1 0.323018 -0.971673 -0.236328 0 3.81725 0 0 0 1 960 960 
72 3.54534 1.61442 0.323018 -0.23465 0.97208 0 -0.737431 -0 0 -1 0.323018 -0.97208 -0.23465 0 3.82517 0 0 0 1 960 960 
73 3.55534 1.61219 0.323018 -0.232982 0.972481 0 -0.739499 -0 0 -1 0.323018 -0.972481 -0.232982 0 3.83311 0 0 0 1 960 960 
74 3.56534 1.60997 0.323018 -0.231325 0.972876 0 -0.741551 -0 0 -1 0.323018 -0.972876 -0.231325 0 3.84106 0 0 0 1 960 960 
75 3.57534 1.60775 0.323018 -0.22968 0.973266 0 -0.743587 -0 0 -1 0.323018 -0.973266 -0.22968 0 3.84902 0 0 0 1 960 960 
76 3.58534 1.60553 0.323018 -0.228045 0.973651 0 -0.745606 -0 0 -1 0.323018 -0.973651 -0.228045 0 3.857 0 0 0 1 960 960 
77 3.59534 1.60331 0.323018 -0.226421 0.97403 0 -0.747609 -0 0 -1 0.323018 -0.97403 -0.226421 0 3.86498 0 0 0 1 960 960 
78 3.60534 1.60108 0.323018 -0.224807 0.974403 0 -0.749597 -0 0 -1 0.323018 -0.974403 -0.224807 0 3.87299 0 0 0 1 960 960 
79 3.61534 1.59886 0.323018 -0.223204 0.974772 0 -0.751568 -0 0 -1 0.323018 -0.974772 -0.223204 0 3.881 0 0 0 1 960 960 
80 3.62534 1.59534 0.319771 -0.221152 0.975239 0 -0.754087 -0 0 -1 0.319771 -0.975239 -0.221152 0 3.88838 0 0 0 1 960 960 
81 3.63534 1.59312 0.319771 -0.219571 0.975596 0 -0.756025 -0 0 -1 0.319771 -0.975596 -0.219571 0 3.89642 0 0 0 1 960 960 
82 3.64534 1.5909 0.319771 -0.218 0.975949 0 -0.757949 -0 0 -1 0.319771 -0.975949 -0.218 0 3.90448 0 0 0 1 960 960 
83 3.65534 1.58608 0.313277 -0.215529 0.976497 0 -0.760969 -0 0 -1 0.313277 -0.976497 -0.215529 0 3.91127 0 0 0 1 960 960 
84 3.66534 1.58385 0.313277 -0.213981 0.976838 0 -0.762857 -0 0 -1 0.313277 -0.976838 -0.213981 0 3.91935 0 0 0 1 960 960 
85 3.67534 1.58163 0.313277 -0.212442 0.977174 0 -0.764731 -0 0 -1 0.313277 -0.977174 -0.212442 0 3.92745 0 0 0 1 960 960 
86 3.68534 1.57941 0.313277 -0.210914 0.977505 0 -0.76659 -0 0 -1 0.313277 -0.977505 -0.210914 0 3.93555 0 0 0 1 960 960 
87 3.69534 1.57719 0.313277 -0.209396 0.977831 0 -0.768436 -0 0 -1 0.313277 -0.977831 -0.209396 0 3.94367 0 0 0 1 960 960 
88 3.70534 1.57496 0.313277 -0.207887 0.978153 0 -0.770266 -0 0 -1 0.313277 -0.978153 -0.207887 0 3.9518 0 0 0 1 960 960 
89 3.71534 1.57274 0.313277 -0.206388 0.97847 0 -0.772083 -0 0 -1 0.313277 -0.97847 -0.206388 0 3.95994 0 0 0 1 960 960 
90 3.72534 1.57052 0.313277 -0.204898 0.978783 0 -0.773885 -0 0 -1 0.313277 -0.978783 -0.204898 0 3.96809 0 0 0 1 960 960 
91 3.73534 1.5683 0.313277 -0.203418 0.979092 0 -0.775674 -0 0 -1 0.313277 -0.979092 -0.203418 0 3.97626 0 0 0 1 960 960 
92 3.74534 1.56478 0.310031 -0.201503 0.979488 0 -0.777985 -0 0 -1 0.310031 -0.979488 -0.201503 0 3.98382 0 0 0 1 960 960 
93 3.75534 1.56255 0.310031 -0.200042 0.979787 0 -0.779745 -0 0 -1 0.310031 -0.979787 -0.200042 0 3.99201 0 0 0 1 960 960 
94 3.76534 1.56033 0.310031 -0.198591 0.980082 0 -0.781491 -0 0 -1 0.310031 -0.980082 -0.198591 0 4.00021 0 0 0 1 960 960 
95 3.77534 1.55811 0.310031 -0.19715 0.980373 0 -0.783224 -0 0 -1 0.310031 -0.980373 -0.19715 0 4.00842 0 0 0 1 960 960 
96 3.78534 1.55589 0.310031 -0.195717 0.98066 0 -0.784943 -0 0 -1 0.310031 -0.98066 -0.195717 0 4.01664 0 0 0 1 960 960 
97 3.79534 1.55367 0.310031 -0.194293 0.980944 0 -0.78665 -0 0 -1 0.310031 -0.980944 -0.194293 0 4.02488 0 0 0 1 960 960 
98 3.80534 1.55274 0.313277 -0.193316 0.981137 0 -0.787821 -0 0 -1 0.313277 -0.981137 -0.193316 0 4.03372 0 0 0 1 960 960 
99 3.81534 1.55052 0.313277 -0.191909 0.981413 0 -0.789504 -0 0 -1 0.313277 -0.981413 -0.191909 0 4.04198 0 0 0 1 960 960 
100 3.82534 1.5483 0.313277 -0.19051 0.981685 0 -0.791175 -0 0 -1 0.313277 -0.981685 -0.19051 0 4.05024 0 0 0 1 960 960 
101 3.83534 1.54737 0.316524 -0.189555 0.98187 0 -0.792316 -0 0 -1 0.316524 -0.98187 -0.189555 0 4.05911 0 0 0 1 960 960 
102 3.84534 1.54515 0.316524 -0.188172 0.982136 0 -0.793964 -0 0 -1 0.316524 -0.982136 -0.188172 0 4.0674 0 0 0 1 960 960 
103 3.85534 1.54293 0.316524 -0.186799 0.982398 0 -0.795599 -0 0 -1 0.316524 -0.982398 -0.186799 0 4.07569 0 0 0 1 960 960 
104 3.86534 1.54071 0.316524 -0.185434 0.982657 0 -0.797223 -0 0 -1 0.316524 -0.982657 -0.185434 0 4.084 0 0 0 1 960 960 
105 3.87534 1.53849 0.316524 -0.184077 0.982912 0 -0.798835 -0 0 -1 0.316524 -0.982912 -0.184077 0 4.09231 0 0 0 1 960 960 
106 3.88534 1.53626 0.316524 -0.182729 0.983163 0 -0.800434 -0 0 -1 0.316524 -0.983163 -0.182729 0 4.10064 0 0 0 1 960 960 
107 3.89534 1.53404 0.316524 -0.181389 0.983411 0 -0.802022 -0 0 -1 0.316524 -0.983411 -0.181389 0 4.10898 0 0 0 1 960 960 
108 3.90534 1.53182 0.316524 -0.180057 0.983656 0 -0.803599 -0 0 -1 0.316524 -0.983656 -0.180057 0 4.11732 0 0 0 1 960 960 
109 3.91534 1.5296 0.316524 -0.178734 0.983897 0 -0.805164 -0 0 -1 0.316524 -0.983897 -0.178734 0 4.12568 0 0 0 1 960 960 
110 3.92534 1.52867 0.319771 -0.177841 0.984059 0 -0.806218 -0 0 -1 0.319771 -0.984059 -0.177841 0 4.13462 0 0 0 1 960 960 
111 3.93534 1.52645 0.319771 -0.176533 0.984295 0 -0.807762 -0 0 -1 0.319771 -0.984295 -0.176533 0 4.143 0 0 0 1 960 960 
112 3.94534 1.52683 0.326264 -0.176074 0.984377 0 -0.808304 -0 0 -1 0.326264 -0.984377 -0.176074 0 4.15253 0 0 0 1 960 960 
113 3.95534 1.5246 0.326264 -0.174778 0.984608 0 -0.809829 -0 0 -1 0.326264 -0.984608 -0.174778 0 4.16092 0 0 0 1 960 960 
114 3.96534 1.52368 0.329511 -0.17391 0.984762 0 -0.810852 -0 0 -1 0.329511 -0.984762 -0.17391 0 4.16989 0 0 0 1 960 960 
115 3.97534 1.52146 0.329511 -0.172629 0.984987 0 -0.812358 -0 0 -1 0.329511 -0.984987 -0.172629 0 4.1783 0 0 0 1 960 960 
116 3.98534 1.51924 0.329511 -0.171356 0.985209 0 -0.813853 -0 0 -1 0.329511 -0.985209 -0.171356 0 4.18672 0 0 0 1 960 960 
117 3.99534 1.51701 0.329511 -0.170091 0.985428 0 -0.815337 -0 0 -1 0.329511 -0.985428 -0.170091 0 4.19515 0 0 0 1 960 960 
118 4.00534 1.51479 0.329511 -0.168834 0.985645 0 -0.816811 -0 0 -1 0.329511 -0.985645 -0.168834 0 4.20359 0 0 0 1 960 960 
119 4.01534 1.51387 0.332758 -0.167996 0.985788 0 -0.817792 -0 0 -1 0.332758 -0.985788 -0.167996 0 4.21259 0 0 0 1 960 960 
120 4.02534 1.51165 0.332758 -0.166752 0.985999 0 -0.819246 -0 0 -1 0.332758 -0.985999 -0.166752 0 4.22105 0 0 0 1 960 960 
121 4.03534 1.50942 0.332758 -0.165516 0.986207 0 -0.820691 -0 0 -1 0.332758 -0.986207 -0.165516 0 4.22951 0 0 0 1 960 960 
122 4.04534 1.5072 0.332758 -0.164287 0.986413 0 -0.822125 -0 0 -1 0.332758 -0.986413 -0.164287 0 4.23798 0 0 0 1 960 960 
123 4.05534 1.50628 0.336005 -0.163474 0.986548 0 -0.823074 -0 0 -1 0.336005 -0.986548 -0.163474 0 4.24702 0 0 0 1 960 960 
124 4.06534 1.50406 0.336005 -0.162258 0.986748 0 -0.82449 -0 0 -1 0.336005 -0.986748 -0.162258 0 4.25551 0 0 0 1 960 960 
125 4.07534 1.50183 0.336005 -0.16105 0.986946 0 -0.825896 -0 0 -1 0.336005 -0.986946 -0.16105 0 4.26401 0 0 0 1 960 960 
126 4.08534 1.49961 0.336005 -0.159849 0.987142 0 -0.827293 -0 0 -1 0.336005 -0.987142 -0.159849 0 4.27252 0 0 0 1 960 960 
127 4.09534 1.49739 0.336005 -0.158655 0.987334 0 -0.82868 -0 0 -1 0.336005 -0.987334 -0.158655 0 4.28103 0 0 0 1 960 960 
128 4.10534 1.49517 0.336005 -0.157467 0.987524 0 -0.830057 -0 0 -1 0.336005 -0.987524 -0.157467 0 4.28956 0 0 0 1 960 960 
129 4.11534 1.49294 0.336005 -0.156287 0.987712 0 -0.831424 -0 0 -1 0.336005 -0.987712 -0.156287 0 4.29809 0 0 0 1 960 960 
130 4.12534 1.49072 0.336005 -0.155114 0.987897 0 -0.832783 -0 0 -1 0.336005 -0.987897 -0.155114 0 4.30664 0 0 0 1 960 960 
131 4.13534 1.4898 0.339251 -0.154347 0.988017 0 -0.83367 -0 0 -1 0.339251 -0.988017 -0.154347 0 4.31573 0 0 0 1 960 960 
132 4.14534 1.48758 0.339251 -0.153186 0.988197 0 -0.835011 -0 0 -1 0.339251 -0.988197 -0.153186 0 4.32429 0 0 0 1 960 960 
133 4.15534 1.48795 0.345745 -0.152827 0.988253 0 -0.835426 -0 0 -1 0.345745 -0.988253 -0.152827 0 4.33392 0 0 0 1 960 960 
134 4.16534 1.48573 0.345745 -0.151677 0.98843 0 -0.836753 -0 0 -1 0.345745 -0.98843 -0.151677 0 4.34249 0 0 0 1 960 960 
135 4.17534 1.48351 0.345745 -0.150534 0.988605 0 -0.83807 -0 0 -1 0.345745 -0.988605 -0.150534 0 4.35108 0 0 0 1 960 960 
136 4.18534 1.48258 0.348992 -0.149792 0.988717 0 -0.838925 -0 0 -1 0.348992 -0.988717 -0.149792 0 4.36019 0 0 0 1 960 960 
137 4.19534 1.48036 0.348992 -0.148662 0.988888 0 -0.840226 -0 0 -1 0.348992 -0.988888 -0.148662 0 4.36879 0 0 0 1 960 960 
138 4.20534 1.47814 0.348992 -0.147537 0.989056 0 -0.841519 -0 0 -1 0.348992 -0.989056 -0.147537 0 4.3774 0 0 0 1 960 960 
139 4.21534 1.47592 0.348992 -0.14642 0.989223 0 -0.842803 -0 0 -1 0.348992 -0.989223 -0.14642 0 4.38601 0 0 0 1 960 960 
140 4.22534 1.47369 0.348992 -0.145308 0.989386 0 -0.844078 -0 0 -1 0.348992 -0.989386 -0.145308 0 4.39463 0 0 0 1 960 960 
141 4.23534 1.47147 0.348992 -0.144203 0.989548 0 -0.845345 -0 0 -1 0.348992 -0.989548 -0.144203 0 4.40326 0 0 0 1 960 960 
142 4.24534 1.46925 0.348992 -0.143104 0.989708 0 -0.846604 -0 0 -1 0.348992 -0.989708 -0.143104 0 4.4119 0 0 0 1 960 960 
143 4.25534 1.46703 0.348992 -0.142011 0.989865 0 -0.847854 -0 0 -1 0.348992 -0.989865 -0.142011 0 4.42054 0 0 0 1 960 960 
144 4.26534 1.46481 0.348992 -0.140925 0.99002 0 -0.849095 -0 0 -1 0.348992 -0.99002 -0.140925 0 4.4292 0 0 0 1 960 960 
145 4.27534 1.46388 0.352239 -0.14023 0.990119 0 -0.849889 -0 0 -1 0.352239 -0.990119 -0.14023 0 4.43837 0 0 0 1 960 960 
146 4.28534 1.46296 0.355485 -0.139538 0.990217 0 -0.850679 -0 0 -1 0.355485 -0.990217 -0.139538 0 4.44755 0 0 0 1 960 960 
147 4.29534 1.46204 0.358732 -0.138851 0.990313 0 -0.851463 -0 0 -1 0.358732 -0.990313 -0.138851 0 4.45673 0 0 0 1 960 960 
148 4.30534 1.45981 0.358732 -0.137786 0.990462 0 -0.852677 -0 0 -1 0.358732 -0.990462 -0.137786 0 4.46541 0 0 0 1 960 960 
149 4.31534 1.45889 0.361979 -0.137107 0.990556 0 -0.853449 -0 0 -1 0.361979 -0.990556 -0.137107 0 4.47461 0 0 0 1 960 960 
150 4.32534 1.45797 0.365226 -0.136433 0.990649 0 -0.854217 -0 0 -1 0.365226 -0.990649 -0.136433 0 4.48381 0 0 0 1 960 960 
151 4.33534 1.45574 0.365226 -0.135383 0.990793 0 -0.85541 -0 0 -1 0.365226 -0.990793 -0.135383 0 4.49251 0 0 0 1 960 960 
152 4.34534 1.45482 0.368472 -0.134717 0.990884 0 -0.856167 -0 0 -1 0.368472 -0.990884 -0.134717 0 4.50171 0 0 0 1 960 960 
153 4.35534 1.4526 0.368472 -0.133678 0.991025 0 -0.857346 -0 0 -1 0.368472 -0.991025 -0.133678 0 4.51043 0 0 0 1 960 960 
154 4.36534 1.45038 0.368472 -0.132645 0.991164 0 -0.858518 -0 0 -1 0.368472 -0.991164 -0.132645 0 4.51915 0 0 0 1 960 960 
155 4.37534 1.44815 0.368472 -0.131618 0.991301 0 -0.859683 -0 0 -1 0.368472 -0.991301 -0.131618 0 4.52788 0 0 0 1 960 960 
156 4.38534 1.44593 0.368472 -0.130596 0.991436 0 -0.860839 -0 0 -1 0.368472 -0.991436 -0.130596 0 4.53661 0 0 0 1 960 960 
157 4.39534 1.44371 0.368472 -0.12958 0.991569 0 -0.861989 -0 0 -1 0.368472 -0.991569 -0.12958 0 4.54535 0 0 0 1 960 960 
158 4.40534 1.44149 0.368472 -0.12857 0.9917 0 -0.863131 -0 0 -1 0.368472 -0.9917 -0.12857 0 4.55411 0 0 0 1 960 960 
159 4.41534 1.43926 0.368472 -0.127565 0.99183 0 -0.864266 -0 0 -1 0.368472 -0.99183 -0.127565 0 4.56286 0 0 0 1 960 960 
160 4.42534 1.43704 0.368472 -0.126565 0.991958 0 -0.865393 -0 0 -1 0.368472 -0.991958 -0.126565 0 4.57163 0 0 0 1 960 960 
161 4.43534 1.43482 0.368472 -0.125571 0.992085 0 -0.866514 -0 0 -1 0.368472 -0.992085 -0.125571 0 4.5804 0 0 0 1 960 960 
162 4.44534 1.4326 0.368472 -0.124582 0.992209 0 -0.867627 -0 0 -1 0.368472 -0.992209 -0.124582 0 4.58918 0 0 0 1 960 960 
163 4.45534 1.43038 0.368472 -0.123599 0.992332 0 -0.868733 -0 0 -1 0.368472 -0.992332 -0.123599 0 4.59797 0 0 0 1 960 960 
164 4.46534 1.42815 0.368472 -0.122621 0.992454 0 -0.869833 -0 0 -1 0.368472 -0.992454 -0.122621 0 4.60676 0 0 0 1 960 960 
165 4.47534 1.42463 0.365226 -0.121283 0.992618 0 -0.871335 -0 0 -1 0.365226 -0.992618 -0.121283 0 4.61508 0 0 0 1 960 960 
166 4.48534 1.42241 0.365226 -0.120316 0.992736 0 -0.87242 -0 0 -1 0.365226 -0.992736 -0.120316 0 4.62389 0 0 0 1 960 960 
167 4.49534 1.42019 0.365226 -0.119355 0.992852 0 -0.873497 -0 0 -1 0.365226 -0.992852 -0.119355 0 4.63271 0 0 0 1 960 960 
168 4.50534 1.41667 0.361979 -0.118036 0.993009 0 -0.874974 -0 0 -1 0.361979 -0.993009 -0.118036 0 4.64106 0 0 0 1 960 960 
169 4.51534 1.41445 0.361979 -0.117085 0.993122 0 -0.876036 -0 0 -1 0.361979 -0.993122 -0.117085 0 4.64989 0 0 0 1 960 960 
170 4.52534 1.41222 0.361979 -0.11614 0.993233 0 -0.877093 -0 0 -1 0.361979 -0.993233 -0.11614 0 4.65873 0 0 0 1 960 960 
171 4.53534 1.41 0.361979 -0.1152 0.993342 0 -0.878142 -0 0 -1 0.361979 -0.993342 -0.1152 0 4.66757 0 0 0 1 960 960 
172 4.54534 1.40778 0.361979 -0.114265 0.99345 0 -0.879185 -0 0 -1 0.361979 -0.99345 -0.114265 0 4.67642 0 0 0 1 960 960 
173 4.55534 1.40556 0.361979 -0.113335 0.993557 0 -0.880222 -0 0 -1 0.361979 -0.993557 -0.113335 0 4.68528 0 0 0 1 960 960 
174 4.56534 1.40333 0.361979 -0.11241 0.993662 0 -0.881252 -0 0 -1 0.361979 -0.993662 -0.11241 0 4.69415 0 0 0 1 960 960 
175 4.57534 1.39981 0.358732 -0.111133 0.993806 0 -0.882673 -0 0 -1 0.358732 -0.993806 -0.111133 0 4.70256 0 0 0 1 960 960 
176 4.58534 1.39759 0.358732 -0.110218 0.993907 0 -0.883689 -0 0 -1 0.358732 -0.993907 -0.110218 0 4.71144 0 0 0 1 960 960 
177 4.59534 1.39407 0.355485 -0.108953 0.994047 0 -0.885093 -0 0 -1 0.355485 -0.994047 -0.108953 0 4.71987 0 0 0 1 960 960 
178 4.60534 1.39185 0.355485 -0.108049 0.994146 0 -0.886096 -0 0 -1 0.355485 -0.994146 -0.108049 0 4.72876 0 0 0 1 960 960 
179 4.61534 1.38963 0.355485 -0.10715 0.994243 0 -0.887093 -0 0 -1 0.355485 -0.994243 -0.10715 0 4.73766 0 0 0 1 960 960 
180 4.62534 1.3874 0.355485 -0.106255 0.994339 0 -0.888084 -0 0 -1 0.355485 -0.994339 -0.106255 0 4.74657 0 0 0 1 960 960 
181 4.63534 1.38518 0.355485 -0.105365 0.994434 0 -0.889069 -0 0 -1 0.355485 -0.994434 -0.105365 0 4.75548 0 0 0 1 960 960 
182 4.64534 1.38166 0.352239 -0.104129 0.994564 0 -0.890435 -0 0 -1 0.352239 -0.994564 -0.104129 0 4.76395 0 0 0 1 960 960 
183 4.65534 1.37944 0.352239 -0.103249 0.994656 0 -0.891406 -0 0 -1 0.352239 -0.994656 -0.103249 0 4.77288 0 0 0 1 960 960 
184 4.66534 1.37592 0.348992 -0.102025 0.994782 0 -0.892757 -0 0 -1 0.348992 -0.994782 -0.102025 0 4.78137 0 0 0 1 960 960 
185 4.67534 1.37369 0.348992 -0.101155 0.994871 0 -0.893716 -0 0 -1 0.348992 -0.994871 -0.101155 0 4.79031 0 0 0 1 960 960 
186 4.68534 1.37147 0.348992 -0.100289 0.994958 0 -0.894669 -0 0 -1 0.348992 -0.994958 -0.100289 0 4.79926 0 0 0 1 960 960 
187 4.69534 1.36925 0.348992 -0.0994282 0.995045 0 -0.895617 -0 0 -1 0.348992 -0.995045 -0.0994282 0 4.80821 0 0 0 1 960 960 
188 4.70534 1.36703 0.348992 -0.0985716 0.99513 0 -0.896558 -0 0 -1 0.348992 -0.99513 -0.0985716 0 4.81717 0 0 0 1 960 960 
189 4.71534 1.36481 0.348992 -0.0977193 0.995214 0 -0.897495 -0 0 -1 0.348992 -0.995214 -0.0977193 0 4.82614 0 0 0 1 960 960 
190 4.72534 1.36258 0.348992 -0.0968714 0.995297 0 -0.898426 -0 0 -1 0.348992 -0.995297 -0.0968714 0 4.83511 0 0 0 1 960 960 
191 4.73534 1.35906 0.345745 -0.0956849 0.995412 0 -0.899727 -0 0 -1 0.345745 -0.995412 -0.0956849 0 4.84365 0 0 0 1 960 960 
192 4.74534 1.35684 0.345745 -0.0948465 0.995492 0 -0.900645 -0 0 -1 0.345745 -0.995492 -0.0948465 0 4.85264 0 0 0 1 960 960 
193 4.75534 1.35332 0.342498 -0.0936711 0.995603 0 -0.901932 -0 0 -1 0.342498 -0.995603 -0.0936711 0 4.86119 0 0 0 1 960 960 
194 4.76534 1.3511 0.342498 -0.0928419 0.995681 0 -0.902839 -0 0 -1 0.342498 -0.995681 -0.0928419 0 4.87019 0 0 0 1 960 960 
195 4.77534 1.34888 0.342498 -0.092017 0.995757 0 -0.90374 -0 0 -1 0.342498 -0.995757 -0.092017 0 4.8792 0 0 0 1 960 960 
196 4.78534 1.34665 0.342498 -0.0911963 0.995833 0 -0.904637 -0 0 -1 0.342498 -0.995833 -0.0911963 0 4.88821 0 0 0 1 960 960 
197 4.79534 1.34443 0.342498 -0.0903797 0.995907 0 -0.905528 -0 0 -1 0.342498 -0.995907 -0.0903797 0 4.89722 0 0 0 1 960 960 
198 4.80534 1.34221 0.342498 -0.0895672 0.995981 0 -0.906414 -0 0 -1 0.342498 -0.995981 -0.0895672 0 4.90624 0 0 0 1 960 960 
199 4.81534 1.33999 0.342498 -0.0887588 0.996053 0 -0.907294 -0 0 -1 0.342498 -0.996053 -0.0887588 0 4.91527 0 0 0 1 960 960 
200 4.82534 1.33776 0.342498 -0.0879544 0.996125 0 -0.90817 -0 0 -1 0.342498 -0.996125 -0.0879544 0 4.9243 0 0 0 1 960 960 
201 4.83534 1.33554 0.342498 -0.0871541 0.996195 0 -0.909041 -0 0 -1 0.342498 -0.996195 -0.0871541 0 4.93333 0 0 0 1 960 960 
202 4.84534 1.33332 0.342498 -0.0863577 0.996264 0 -0.909906 -0 0 -1 0.342498 -0.996264 -0.0863577 0 4.94238 0 0 0 1 960 960 
203 4.85534 1.3311 0.342498 -0.0855654 0.996333 0 -0.910767 -0 0 -1 0.342498 -0.996333 -0.0855654 0 4.95143 0 0 0 1 960 960 
204 4.86534 1.32888 0.342498 -0.0847769 0.9964 0 -0.911623 -0 0 -1 0.342498 -0.9964 -0.0847769 0 4.96048 0 0 0 1 960 960 
205 4.87534 1.32665 0.342498 -0.0839924 0.996466 0 -0.912474 -0 0 -1 0.342498 -0.996466 -0.0839924 0 4.96954 0 0 0 1 960 960 
206 4.88534 1.32443 0.342498 -0.0832118 0.996532 0 -0.91332 -0 0 -1 0.342498 -0.996532 -0.0832118 0 4.9786 0 0 0 1 960 960 
207 4.89534 1.32221 0.342498 -0.082435 0.996596 0 -0.914161 -0 0 -1 0.342498 -0.996596 -0.082435 0 4.98767 0 0 0 1 960 960 
208 4.90534 1.31999 0.342498 -0.081662 0.99666 0 -0.914998 -0 0 -1 0.342498 -0.99666 -0.081662 0 4.99675 0 0 0 1 960 960 
209 4.91534 1.31776 0.342498 -0.0808929 0.996723 0 -0.91583 -0 0 -1 0.342498 -0.996723 -0.0808929 0 5.00583 0 0 0 1 960 960 
210 4.92534 1.31554 0.342498 -0.0801275 0.996785 0 -0.916657 -0 0 -1 0.342498 -0.996785 -0.0801275 0 5.01491 0 0 0 1 960 960 
211 4.93534 1.31332 0.342498 -0.0793659 0.996846 0 -0.91748 -0 0 -1 0.342498 -0.996846 -0.0793659 0 5.024 0 0 0 1 960 960 
212 4.94534 1.3111 0.342498 -0.078608 0.996906 0 -0.918298 -0 0 -1 0.342498 -0.996906 -0.078608 0 5.0331 0 0 0 1 960 960 
213 4.95534 1.30888 0.342498 -0.0778538 0.996965 0 -0.919111 -0 0 -1 0.342498 -0.996965 -0.0778538 0 5.0422 0 0 0 1 960 960 
214 4.96534 1.30665 0.342498 -0.0771032 0.997023 0 -0.91992 -0 0 -1 0.342498 -0.997023 -0.0771032 0 5.0513 0 0 0 1 960 960 
215 4.97534 1.30573 0.345745 -0.0766801 0.997056 0 -0.920376 -0 0 -1 0.345745 -0.997056 -0.0766801 0 5.06081 0 0 0 1 960 960 
216 4.98534 1.30481 0.348992 -0.0762592 0.997088 0 -0.920829 -0 0 -1 0.348992 -0.997088 -0.0762592 0 5.07032 0 0 0 1 960 960 
217 4.99534 1.30258 0.348992 -0.075518 0.997144 0 -0.921626 -0 0 -1 0.348992 -0.997144 -0.075518 0 5.07944 0 0 0 1 960 960 
218 5.00534 1.30036 0.348992 -0.0747804 0.9972 0 -0.92242 -0 0 -1 0.348992 -0.9972 -0.0747804 0 5.08856 0 0 0 1 960 960 
219 5.01534 1.29814 0.348992 -0.0740463 0.997255 0 -0.923208 -0 0 -1 0.348992 -0.997255 -0.0740463 0 5.09769 0 0 0 1 960 960 
220 5.02534 1.29722 0.352239 -0.0736358 0.997285 0 -0.923649 -0 0 -1 0.352239 -0.997285 -0.0736358 0 5.10721 0 0 0 1 960 960 
221 5.03534 1.29499 0.352239 -0.0729081 0.997339 0 -0.924431 -0 0 -1 0.352239 -0.997339 -0.0729081 0 5.11635 0 0 0 1 960 960 
222 5.04534 1.29277 0.352239 -0.0721838 0.997391 0 -0.925208 -0 0 -1 0.352239 -0.997391 -0.0721838 0 5.12549 0 0 0 1 960 960 
223 5.05534 1.29185 0.355485 -0.0717807 0.99742 0 -0.92564 -0 0 -1 0.355485 -0.99742 -0.0717807 0 5.13503 0 0 0 1 960 960 
224 5.06534 1.29092 0.358732 -0.0713796 0.997449 0 -0.92607 -0 0 -1 0.358732 -0.997449 -0.0713796 0 5.14456 0 0 0 1 960 960 
225 5.07534 1.2887 0.358732 -0.0706642 0.9975 0 -0.926836 -0 0 -1 0.358732 -0.9975 -0.0706642 0 5.15371 0 0 0 1 960 960 
226 5.08534 1.28648 0.358732 -0.0699522 0.99755 0 -0.927598 -0 0 -1 0.358732 -0.99755 -0.0699522 0 5.16287 0 0 0 1 960 960 
227 5.09534 1.28426 0.358732 -0.0692435 0.9976 0 -0.928356 -0 0 -1 0.358732 -0.9976 -0.0692435 0 5.17203 0 0 0 1 960 960 
228 5.10534 1.28204 0.358732 -0.0685382 0.997648 0 -0.92911 -0 0 -1 0.358732 -0.997648 -0.0685382 0 5.1812 0 0 0 1 960 960 
229 5.11534 1.27981 0.358732 -0.0678362 0.997696 0 -0.92986 -0 0 -1 0.358732 -0.997696 -0.0678362 0 5.19037 0 0 0 1 960 960 
230 5.12534 1.27759 0.358732 -0.0671375 0.997744 0 -0.930606 -0 0 -1 0.358732 -0.997744 -0.0671375 0 5.19955 0 0 0 1 960 960 
231 5.13534 1.27537 0.358732 -0.0664421 0.99779 0 -0.931348 -0 0 -1 0.358732 -0.99779 -0.0664421 0 5.20873 0 0 0 1 960 960 
232 5.14534 1.27315 0.358732 -0.0657499 0.997836 0 -0.932086 -0 0 -1 0.358732 -0.997836 -0.0657499 0 5.21791 0 0 0 1 960 960 
233 5.15534 1.26963 0.355485 -0.0647504 0.997901 0 -0.933151 -0 0 -1 0.355485 -0.997901 -0.0647504 0 5.22673 0 0 0 1 960 960 
234 5.16534 1.2674 0.355485 -0.0640654 0.997946 0 -0.93388 -0 0 -1 0.355485 -0.997946 -0.0640654 0 5.23592 0 0 0 1 960 960 
235 5.17534 1.26518 0.355485 -0.0633836 0.997989 0 -0.934606 -0 0 -1 0.355485 -0.997989 -0.0633836 0 5.24512 0 0 0 1 960 960 
236 5.18534 1.26296 0.355485 -0.062705 0.998032 0 -0.935327 -0 0 -1 0.355485 -0.998032 -0.062705 0 5.25433 0 0 0 1 960 960 
237 5.19534 1.26074 0.355485 -0.0620295 0.998074 0 -0.936045 -0 0 -1 0.355485 -0.998074 -0.0620295 0 5.26353 0 0 0 1 960 960 
238 5.20534 1.25851 0.355485 -0.0613572 0.998116 0 -0.936759 -0 0 -1 0.355485 -0.998116 -0.0613572 0 5.27275 0 0 0 1 960 960 
239 5.21534 1.25629 0.355485 -0.0606879 0.998157 0 -0.937469 -0 0 -1 0.355485 -0.998157 -0.0606879 0 5.28196 0 0 0 1 960 960 
240 5.22534 1.25407 0.355485 -0.0600217 0.998197 0 -0.938175 -0 0 -1 0.355485 -0.998197 -0.0600217 0 5.29119 0 0 0 1 960 960 
241 5.23534 1.25185 0.355485 -0.0593586 0.998237 0 -0.938878 -0 0 -1 0.355485 -0.998237 -0.0593586 0 5.30041 0 0 0 1 960 960 
242 5.24534 1.24963 0.355485 -0.0586986 0.998276 0 -0.939577 -0 0 -1 0.355485 -0.998276 -0.0586986 0 5.30964 0 0 0 1 960 960 
243 5.25534 1.2474 0.355485 -0.0580416 0.998314 0 -0.940273 -0 0 -1 0.355485 -0.998314 -0.0580416 0 5.31888 0 0 0 1 960 960 
244 5.26534 1.24518 0.355485 -0.0573875 0.998352 0 -0.940964 -0 0 -1 0.355485 -0.998352 -0.0573875 0 5.32812 0 0 0 1 960 960 
245 5.27534 1.24296 0.355485 -0.0567365 0.998389 0 -0.941653 -0 0 -1 0.355485 -0.998389 -0.0567365 0 5.33736 0 0 0 1 960 960 
246 5.28534 1.24074 0.355485 -0.0560884 0.998426 0 -0.942337 -0 0 -1 0.355485 -0.998426 -0.0560884 0 5.34661 0 0 0 1 960 960 
247 5.29534 1.23851 0.355485 -0.0554433 0.998462 0 -0.943018 -0 0 -1 0.355485 -0.998462 -0.0554433 0 5.35586 0 0 0 1 960 960 
248 5.30534 1.23629 0.355485 -0.0548011 0.998497 0 -0.943696 -0 0 -1 0.355485 -0.998497 -0.0548011 0 5.36511 0 0 0 1 960 960 
249 5.31534 1.23407 0.355485 -0.0541618 0.998532 0 -0.94437 -0 0 -1 0.355485 -0.998532 -0.0541618 0 5.37437 0 0 0 1 960 960 
250 5.32534 1.23185 0.355485 -0.0535254 0.998567 0 -0.945041 -0 0 -1 0.355485 -0.998567 -0.0535254 0 5.38364 0 0 0 1 960 960 
251 5.33534 1.22963 0.355485 -0.0528919 0.9986 0 -0.945708 -0 0 -1 0.355485 -0.9986 -0.0528919 0 5.39291 0 0 0 1 960 960 
252 5.34534 1.2274 0.355485 -0.0522612 0.998633 0 -0.946372 -0 0 -1 0.355485 -0.998633 -0.0522612 0 5.40218 0 0 0 1 960 960 
253 5.35534 1.22518 0.355485 -0.0516334 0.998666 0 -0.947033 -0 0 -1 0.355485 -0.998666 -0.0516334 0 5.41145 0 0 0 1 960 960 
254 5.36534 1.22296 0.355485 -0.0510084 0.998698 0 -0.94769 -0 0 -1 0.355485 -0.998698 -0.0510084 0 5.42073 0 0 0 1 960 960 
255 5.37534 1.22074 0.355485 -0.0503862 0.99873 0 -0.948344 -0 0 -1 0.355485 -0.99873 -0.0503862 0 5.43002 0 0 0 1 960 960 
256 5.38534 1.21851 0.355485 -0.0497667 0.998761 0 -0.948994 -0 0 -1 0.355485 -0.998761 -0.0497667 0 5.4393 0 0 0 1 960 960 
257 5.39534 1.21629 0.355485 -0.04915 0.998791 0 -0.949641 -0 0 -1 0.355485 -0.998791 -0.04915 0 5.4486 0 0 0 1 960 960 
258 5.40534 1.21407 0.355485 -0.0485361 0.998821 0 -0.950285 -0 0 -1 0.355485 -0.998821 -0.0485361 0 5.45789 0 0 0 1 960 960 
259 5.41534 1.21185 0.355485 -0.0479249 0.998851 0 -0.950926 -0 0 -1 0.355485 -0.998851 -0.0479249 0 5.46719 0 0 0 1 960 960 
260 5.42534 1.20963 0.355485 -0.0473164 0.99888 0 -0.951564 -0 0 -1 0.355485 -0.99888 -0.0473164 0 5.47649 0 0 0 1 960 960 
261 5.43534 1.2074 0.355485 -0.0467106 0.998908 0 -0.952198 -0 0 -1 0.355485 -0.998908 -0.0467106 0 5.4858 0 0 0 1 960 960 
262 5.44534 1.20518 0.355485 -0.0461074 0.998936 0 -0.952829 -0 0 -1 0.355485 -0.998936 -0.0461074 0 5.49511 0 0 0 1 960 960 
263 5.45534 1.20426 0.358732 -0.0457975 0.998951 0 -0.953153 -0 0 -1 0.358732 -0.998951 -0.0457975 0 5.50476 0 0 0 1 960 960 
264 5.46534 1.20204 0.358732 -0.0451991 0.998978 0 -0.953779 -0 0 -1 0.358732 -0.998978 -0.0451991 0 5.51408 0 0 0 1 960 960 
265 5.47534 1.19981 0.358732 -0.0446032 0.999005 0 -0.954402 -0 0 -1 0.358732 -0.999005 -0.0446032 0 5.5234 0 0 0 1 960 960 
266 5.48534 1.19629 0.355485 -0.0437213 0.999044 0 -0.955323 -0 0 -1 0.355485 -0.999044 -0.0437213 0 5.53239 0 0 0 1 960 960 
267 5.49534 1.19407 0.355485 -0.0431313 0.999069 0 -0.955938 -0 0 -1 0.355485 -0.999069 -0.0431313 0 5.54172 0 0 0 1 960 960 
268 5.50534 1.19185 0.355485 -0.0425438 0.999095 0 -0.956551 -0 0 -1 0.355485 -0.999095 -0.0425438 0 5.55106 0 0 0 1 960 960 
269 5.51534 1.18963 0.355485 -0.0419589 0.999119 0 -0.95716 -0 0 -1 0.355485 -0.999119 -0.0419589 0 5.56039 0 0 0 1 960 960 
270 5.52534 1.1861 0.352239 -0.0410903 0.999155 0 -0.958065 -0 0 -1 0.352239 -0.999155 -0.0410903 0 5.56941 0 0 0 1 960 960 
271 5.53534 1.18388 0.352239 -0.0405111 0.999179 0 -0.958668 -0 0 -1 0.352239 -0.999179 -0.0405111 0 5.57875 0 0 0 1 960 960 
272 5.54534 1.18166 0.352239 -0.0399344 0.999202 0 -0.959268 -0 0 -1 0.352239 -0.999202 -0.0399344 0 5.5881 0 0 0 1 960 960 
273 5.55534 1.17944 0.352239 -0.0393602 0.999225 0 -0.959865 -0 0 -1 0.352239 -0.999225 -0.0393602 0 5.59745 0 0 0 1 960 960 
274 5.56534 1.17722 0.352239 -0.0387885 0.999247 0 -0.960459 -0 0 -1 0.352239 -0.999247 -0.0387885 0 5.60681 0 0 0 1 960 960 
275 5.57534 1.17369 0.348992 -0.037936 0.99928 0 -0.961344 -0 0 -1 0.348992 -0.99928 -0.037936 0 5.61585 0 0 0 1 960 960 
276 5.58534 1.17147 0.348992 -0.0373698 0.999301 0 -0.961932 -0 0 -1 0.348992 -0.999301 -0.0373698 0 5.62521 0 0 0 1 960 960 
277 5.59534 1.16925 0.348992 -0.036806 0.999322 0 -0.962516 -0 0 -1 0.348992 -0.999322 -0.036806 0 5.63458 0 0 0 1 960 960 
278 5.60534 1.16703 0.348992 -0.0362446 0.999343 0 -0.963098 -0 0 -1 0.348992 -0.999343 -0.0362446 0 5.64395 0 0 0 1 960 960 
279 5.61534 1.16351 0.345745 -0.0354048 0.999373 0 -0.963968 -0 0 -1 0.345745 -0.999373 -0.0354048 0 5.65301 0 0 0 1 960 960 
280 5.62534 1.16129 0.345745 -0.0348487 0.999393 0 -0.964544 -0 0 -1 0.345745 -0.999393 -0.0348487 0 5.66239 0 0 0 1 960 960 
281 5.63534 1.15906 0.345745 -0.0342951 0.999412 0 -0.965117 -0 0 -1 0.345745 -0.999412 -0.0342951 0 5.67177 0 0 0 1 960 960 
282 5.64534 1.15684 0.345745 -0.0337438 0.999431 0 -0.965687 -0 0 -1 0.345745 -0.999431 -0.0337438 0 5.68116 0 0 0 1 960 960 
283 5.65534 1.15462 0.345745 -0.0331948 0.999449 0 -0.966254 -0 0 -1 0.345745 -0.999449 -0.0331948 0 5.69055 0 0 0 1 960 960 
284 5.66534 1.1511 0.342498 -0.0323703 0.999476 0 -0.967106 -0 0 -1 0.342498 -0.999476 -0.0323703 0 5.69963 0 0 0 1 960 960 
285 5.67534 1.14888 0.342498 -0.0318266 0.999493 0 -0.967667 -0 0 -1 0.342498 -0.999493 -0.0318266 0 5.70903 0 0 0 1 960 960 
286 5.68534 1.14665 0.342498 -0.0312851 0.999511 0 -0.968225 -0 0 -1 0.342498 -0.999511 -0.0312851 0 5.71843 0 0 0 1 960 960 
287 5.69534 1.14573 0.345745 -0.0310221 0.999519 0 -0.968497 -0 0 -1 0.345745 -0.999519 -0.0310221 0 5.72814 0 0 0 1 960 960 
288 5.70534 1.14351 0.345745 -0.0304847 0.999535 0 -0.969051 -0 0 -1 0.345745 -0.999535 -0.0304847 0 5.73754 0 0 0 1 960 960 
289 5.71534 1.14129 0.345745 -0.0299494 0.999551 0 -0.969602 -0 0 -1 0.345745 -0.999551 -0.0299494 0 5.74695 0 0 0 1 960 960 
290 5.72534 1.13906 0.345745 -0.0294165 0.999567 0 -0.970151 -0 0 -1 0.345745 -0.999567 -0.0294165 0 5.75637 0 0 0 1 960 960 
291 5.73534 1.13684 0.345745 -0.0288857 0.999583 0 -0.970697 -0 0 -1 0.345745 -0.999583 -0.0288857 0 5.76578 0 0 0 1 960 960 
292 5.74534 1.13462 0.345745 -0.0283572 0.999598 0 -0.971241 -0 0 -1 0.345745 -0.999598 -0.0283572 0 5.7752 0 0 0 1 960 960 
293 5.75534 1.1324 0.345745 -0.0278308 0.999613 0 -0.971782 -0 0 -1 0.345745 -0.999613 -0.0278308 0 5.78462 0 0 0 1 960 960 
294 5.76534 1.12888 0.342498 -0.0270344 0.999635 0 -0.9726 -0 0 -1 0.342498 -0.999635 -0.0270344 0 5.79375 0 0 0 1 960 960 
295 5.77534 1.12665 0.342498 -0.026513 0.999648 0 -0.973135 -0 0 -1 0.342498 -0.999648 -0.026513 0 5.80318 0 0 0 1 960 960 
296 5.78534 1.12313 0.339251 -0.0257226 0.999669 0 -0.973947 -0 0 -1 0.339251 -0.999669 -0.0257226 0 5.81231 0 0 0 1 960 960 
297 5.79534 1.12091 0.339251 -0.0252061 0.999682 0 -0.974476 -0 0 -1 0.339251 -0.999682 -0.0252061 0 5.82175 0 0 0 1 960 960 
298 5.80534 1.11869 0.339251 -0.0246916 0.999695 0 -0.975004 -0 0 -1 0.339251 -0.999695 -0.0246916 0 5.83119 0 0 0 1 960 960 
299 5.81534 1.11647 0.339251 -0.0241793 0.999708 0 -0.975528 -0 0 -1 0.339251 -0.999708 -0.0241793 0 5.84063 0 0 0 1 960 960 
300 5.82534 1.11294 0.336005 -0.0234001 0.999726 0 -0.976326 -0 0 -1 0.336005 -0.999726 -0.0234001 0 5.84978 0 0 0 1 960 960 
301 5.83534 1.11072 0.336005 -0.0228926 0.999738 0 -0.976845 -0 0 -1 0.336005 -0.999738 -0.0228926 0 5.85923 0 0 0 1 960 960 
302 5.84534 1.1085 0.336005 -0.0223871 0.999749 0 -0.977362 -0 0 -1 0.336005 -0.999749 -0.0223871 0 5.86869 0 0 0 1 960 960 
303 5.85534 1.10628 0.336005 -0.0218836 0.999761 0 -0.977877 -0 0 -1 0.336005 -0.999761 -0.0218836 0 5.87814 0 0 0 1 960 960 
304 5.86534 1.10276 0.332758 -0.0211155 0.999777 0 -0.978662 -0 0 -1 0.332758 -0.999777 -0.0211155 0 5.88731 0 0 0 1 960 960 
305 5.87534 1.10053 0.332758 -0.0206167 0.999787 0 -0.979171 -0 0 -1 0.332758 -0.999787 -0.0206167 0 5.89678 0 0 0 1 960 960 
306 5.88534 1.09831 0.332758 -0.0201199 0.999798 0 -0.979678 -0 0 -1 0.332758 -0.999798 -0.0201199 0 5.90624 0 0 0 1 960 960 
307 5.89534 1.09609 0.332758 -0.0196252 0.999807 0 -0.980182 -0 0 -1 0.332758 -0.999807 -0.0196252 0 5.91571 0 0 0 1 960 960 
308 5.90534 1.09387 0.332758 -0.0191324 0.999817 0 -0.980685 -0 0 -1 0.332758 -0.999817 -0.0191324 0 5.92518 0 0 0 1 960 960 
309 5.91534 1.09035 0.329511 -0.0183776 0.999831 0 -0.981454 -0 0 -1 0.329511 -0.999831 -0.0183776 0 5.93438 0 0 0 1 960 960 
310 5.92534 1.08812 0.329511 -0.0178893 0.99984 0 -0.981951 -0 0 -1 0.329511 -0.99984 -0.0178893 0 5.94385 0 0 0 1 960 960 
311 5.93534 1.0859 0.329511 -0.017403 0.999849 0 -0.982446 -0 0 -1 0.329511 -0.999849 -0.017403 0 5.95334 0 0 0 1 960 960 
312 5.94534 1.08368 0.329511 -0.0169187 0.999857 0 -0.982938 -0 0 -1 0.329511 -0.999857 -0.0169187 0 5.96282 0 0 0 1 960 960 
313 5.95534 1.08146 0.329511 -0.0164363 0.999865 0 -0.983429 -0 0 -1 0.329511 -0.999865 -0.0164363 0 5.97231 0 0 0 1 960 960 
314 5.96534 1.07924 0.329511 -0.0159558 0.999873 0 -0.983917 -0 0 -1 0.329511 -0.999873 -0.0159558 0 5.9818 0 0 0 1 960 960 
315 5.97534 1.07701 0.329511 -0.0154773 0.99988 0 -0.984403 -0 0 -1 0.329511 -0.99988 -0.0154773 0 5.99129 0 0 0 1 960 960 
316 5.98534 1.07479 0.329511 -0.0150006 0.999887 0 -0.984887 -0 0 -1 0.329511 -0.999887 -0.0150006 0 6.00078 0 0 0 1 960 960 
317 5.99534 1.07257 0.329511 -0.0145259 0.999894 0 -0.985369 -0 0 -1 0.329511 -0.999894 -0.0145259 0 6.01028 0 0 0 1 960 960 
318 6.00534 1.07035 0.329511 -0.0140531 0.999901 0 -0.985848 -0 0 -1 0.329511 -0.999901 -0.0140531 0 6.01978 0 0 0 1 960 960 
319 6.01534 1.06812 0.329511 -0.0135821 0.999908 0 -0.986326 -0 0 -1 0.329511 -0.999908 -0.0135821 0 6.02929 0 0 0 1 960 960 
320 6.02534 1.0659 0.329511 -0.013113 0.999914 0 -0.986801 -0 0 -1 0.329511 -0.999914 -0.013113 0 6.03879 0 0 0 1 960 960 
321 6.03534 1.06368 0.329511 -0.0126457 0.99992 0 -0.987274 -0 0 -1 0.329511 -0.99992 -0.0126457 0 6.0483 0 0 0 1 960 960 
322 6.04534 1.06146 0.329511 -0.0121803 0.999926 0 -0.987746 -0 0 -1 0.329511 -0.999926 -0.0121803 0 6.05782 0 0 0 1 960 960 
