0 1.82534 2.78481 0.458992 -0.907654 0.41972 0 0.487933 -0 0 -1 0.458992 -0.41972 -0.907654 0 3.29377 0 0 0 1 960 960 
1 1.83534 2.7874 0.465485 -0.905947 0.423391 0 0.482556 -0 0 -1 0.465485 -0.423391 -0.905947 0 3.3023 0 0 0 1 960 960 
2 1.84534 2.7874 0.465485 -0.903998 0.427537 0 0.47646 -0 0 -1 0.465485 -0.427537 -0.903998 0 3.30876 0 0 0 1 960 960 
3 1.85534 2.7874 0.465485 -0.902038 0.431657 0 0.470381 -0 0 -1 0.465485 -0.431657 -0.902038 0 3.31521 0 0 0 1 960 960 
4 1.86534 2.7887 0.468732 -0.900192 0.435494 0 0.464698 -0 0 -1 0.468732 -0.435494 -0.900192 0 3.32271 0 0 0 1 960 960 
5 1.87534 2.7887 0.468732 -0.898214 0.439558 0 0.458656 -0 0 -1 0.468732 -0.439558 -0.898214 0 3.32917 0 0 0 1 960 960 
6 1.88534 2.7887 0.468732 -0.896227 0.443596 0 0.45263 -0 0 -1 0.468732 -0.443596 -0.896227 0 3.33564 0 0 0 1 960 960 
7 1.89534 2.7887 0.468732 -0.89423 0.447608 0 0.446623 -0 0 -1 0.468732 -0.447608 -0.89423 0 3.34211 0 0 0 1 960 960 
8 1.90534 2.7887 0.468732 -0.892225 0.451592 0 0.440633 -0 0 -1 0.468732 -0.451592 -0.892225 0 3.34858 0 0 0 1 960 960 
9 1.91534 2.7887 0.468732 -0.890211 0.455549 0 0.434661 -0 0 -1 0.468732 -0.455549 -0.890211 0 3.35506 0 0 0 1 960 960 
10 1.92534 2.7887 0.468732 -0.888188 0.45948 0 0.428708 -0 0 -1 0.468732 -0.45948 -0.888188 0 3.36155 0 0 0 1 960 960 
11 1.93534 2.7887 0.468732 -0.886158 0.463384 0 0.422774 -0 0 -1 0.468732 -0.463384 -0.886158 0 3.36803 0 0 0 1 960 960 
12 1.94534 2.7887 0.468732 -0.88412 0.467261 0 0.416859 -0 0 -1 0.468732 -0.467261 -0.88412 0 3.37453 0 0 0 1 960 960 
13 1.95534 2.7887 0.468732 -0.882074 0.471111 0 0.410963 -0 0 -1 0.468732 -0.471111 -0.882074 0 3.38102 0 0 0 1 960 960 
14 1.96534 2.7887 0.468732 -0.880021 0.474934 0 0.405087 -0 0 -1 0.468732 -0.474934 -0.880021 0 3.38752 0 0 0 1 960 960 
15 1.97534 2.7887 0.468732 -0.877962 0.478731 0 0.39923 -0 0 -1 0.468732 -0.478731 -0.877962 0 3.39403 0 0 0 1 960 960 
16 1.98534 2.79 0.471979 -0.876043 0.482233 0 0.393811 -0 0 -1 0.471979 -0.482233 -0.876043 0 3.40156 0 0 0 1 960 960 
17 1.99534 2.79 0.471979 -0.873973 0.485975 0 0.387997 -0 0 -1 0.471979 -0.485975 -0.873973 0 3.40807 0 0 0 1 960 960 
18 2.00534 2.79 0.471979 -0.871896 0.489691 0 0.382204 -0 0 -1 0.471979 -0.489691 -0.871896 0 3.41459 0 0 0 1 960 960 
19 2.01534 2.7913 0.475226 -0.869967 0.49311 0 0.376856 -0 0 -1 0.475226 -0.49311 -0.869967 0 3.42212 0 0 0 1 960 960 
20 2.02534 2.7926 0.478472 -0.868036 0.496502 0 0.371534 -0 0 -1 0.478472 -0.496502 -0.868036 0 3.42966 0 0 0 1 960 960 
21 2.03534 2.7926 0.478472 -0.865946 0.500137 0 0.365809 -0 0 -1 0.478472 -0.500137 -0.865946 0 3.43619 0 0 0 1 960 960 
22 2.04534 2.7926 0.478472 -0.863852 0.503747 0 0.360105 -0 0 -1 0.478472 -0.503747 -0.863852 0 3.44272 0 0 0 1 960 960 
23 2.05534 2.7926 0.478472 -0.861752 0.50733 0 0.354423 -0 0 -1 0.478472 -0.50733 -0.861752 0 3.44926 0 0 0 1 960 960 
24 2.06534 2.7926 0.478472 -0.859648 0.510886 0 0.348762 -0 0 -1 0.478472 -0.510886 -0.859648 0 3.4558 0 0 0 1 960 960 
25 2.07534 2.7926 0.478472 -0.85754 0.514417 0 0.343123 -0 0 -1 0.478472 -0.514417 -0.85754 0 3.46235 0 0 0 1 960 960 
26 2.08534 2.7926 0.478472 -0.855428 0.517922 0 0.337505 -0 0 -1 0.478472 -0.517922 -0.855428 0 3.46891 0 0 0 1 960 960 
27 2.09534 2.7913 0.475226 -0.853143 0.521676 0 0.331467 -0 0 -1 0.475226 -0.521676 -0.853143 0 3.47447 0 0 0 1 960 960 
28 2.10534 2.79 0.471979 -0.850852 0.525406 0 0.325446 -0 0 -1 0.471979 -0.525406 -0.850852 0 3.48003 0 0 0 1 960 960 
29 2.11534 2.79 0.471979 -0.848725 0.528834 0 0.319891 -0 0 -1 0.471979 -0.528834 -0.848725 0 3.48661 0 0 0 1 960 960 
30 2.12534 2.7887 0.468732 -0.846421 0.532514 0 0.313908 -0 0 -1 0.468732 -0.532514 -0.846421 0 3.49219 0 0 0 1 960 960 
31 2.13534 2.7887 0.468732 -0.844287 0.535891 0 0.308396 -0 0 -1 0.468732 -0.535891 -0.844287 0 3.49877 0 0 0 1 960 960 
32 2.14534 2.7874 0.465485 -0.841972 0.539521 0 0.302452 -0 0 -1 0.465485 -0.539521 -0.841972 0 3.50437 0 0 0 1 960 960 
33 2.15534 2.7861 0.462239 -0.839651 0.543126 0 0.296526 -0 0 -1 0.462239 -0.543126 -0.839651 0 3.50997 0 0 0 1 960 960 
34 2.16534 2.7861 0.462239 -0.837507 0.546427 0 0.291079 -0 0 -1 0.462239 -0.546427 -0.837507 0 3.51658 0 0 0 1 960 960 
35 2.17534 2.7861 0.462239 -0.83536 0.549704 0 0.285656 -0 0 -1 0.462239 -0.549704 -0.83536 0 3.52319 0 0 0 1 960 960 
36 2.18534 2.78481 0.458992 -0.833026 0.553234 0 0.279792 -0 0 -1 0.458992 -0.553234 -0.833026 0 3.52882 0 0 0 1 960 960 
37 2.19534 2.78351 0.455745 -0.830687 0.55674 0 0.273947 -0 0 -1 0.455745 -0.55674 -0.830687 0 3.53445 0 0 0 1 960 960 
38 2.20534 2.78351 0.455745 -0.828532 0.559941 0 0.268591 -0 0 -1 0.455745 -0.559941 -0.828532 0 3.54108 0 0 0 1 960 960 
39 2.21534 2.78221 0.452498 -0.826186 0.563398 0 0.262787 -0 0 -1 0.452498 -0.563398 -0.826186 0 3.54674 0 0 0 1 960 960 
40 2.22534 2.78221 0.452498 -0.824027 0.56655 0 0.257477 -0 0 -1 0.452498 -0.56655 -0.824027 0 3.55338 0 0 0 1 960 960 
41 2.23534 2.78091 0.449252 -0.821674 0.569958 0 0.251716 -0 0 -1 0.449252 -0.569958 -0.821674 0 3.55905 0 0 0 1 960 960 
42 2.24534 2.78091 0.449252 -0.819513 0.573061 0 0.246453 -0 0 -1 0.449252 -0.573061 -0.819513 0 3.56571 0 0 0 1 960 960 
43 2.25534 2.78091 0.449252 -0.817352 0.576139 0 0.241213 -0 0 -1 0.449252 -0.576139 -0.817352 0 3.57237 0 0 0 1 960 960 
44 2.26534 2.77961 0.446005 -0.814991 0.579474 0 0.235518 -0 0 -1 0.446005 -0.579474 -0.814991 0 3.57806 0 0 0 1 960 960 
45 2.27534 2.77961 0.446005 -0.812828 0.582503 0 0.230325 -0 0 -1 0.446005 -0.582503 -0.812828 0 3.58474 0 0 0 1 960 960 
46 2.28534 2.77961 0.446005 -0.810666 0.585509 0 0.225157 -0 0 -1 0.446005 -0.585509 -0.810666 0 3.59142 0 0 0 1 960 960 
47 2.29534 2.77831 0.442758 -0.8083 0.588771 0 0.219528 -0 0 -1 0.442758 -0.588771 -0.8083 0 3.59714 0 0 0 1 960 960 
48 2.30534 2.77831 0.442758 -0.806137 0.591729 0 0.214408 -0 0 -1 0.442758 -0.591729 -0.806137 0 3.60383 0 0 0 1 960 960 
49 2.31534 2.77831 0.442758 -0.803975 0.594663 0 0.209312 -0 0 -1 0.442758 -0.594663 -0.803975 0 3.61054 0 0 0 1 960 960 
50 2.32534 2.77831 0.442758 -0.801814 0.597574 0 0.20424 -0 0 -1 0.442758 -0.597574 -0.801814 0 3.61725 0 0 0 1 960 960 
51 2.33534 2.77701 0.439511 -0.799443 0.600741 0 0.198702 -0 0 -1 0.439511 -0.600741 -0.799443 0 3.623 0 0 0 1 960 960 
52 2.34534 2.77701 0.439511 -0.797284 0.603605 0 0.193679 -0 0 -1 0.439511 -0.603605 -0.797284 0 3.62972 0 0 0 1 960 960 
53 2.35534 2.77701 0.439511 -0.795125 0.606445 0 0.18868 -0 0 -1 0.439511 -0.606445 -0.795125 0 3.63646 0 0 0 1 960 960 
54 2.36534 2.77701 0.439511 -0.792968 0.609263 0 0.183706 -0 0 -1 0.439511 -0.609263 -0.792968 0 3.6432 0 0 0 1 960 960 
55 2.37534 2.77701 0.439511 -0.790813 0.612057 0 0.178756 -0 0 -1 0.439511 -0.612057 -0.790813 0 3.64994 0 0 0 1 960 960 
56 2.38534 2.77701 0.439511 -0.78866 0.614829 0 0.173831 -0 0 -1 0.439511 -0.614829 -0.78866 0 3.65669 0 0 0 1 960 960 
57 2.39534 2.77701 0.439511 -0.78651 0.617578 0 0.168931 -0 0 -1 0.439511 -0.617578 -0.78651 0 3.66346 0 0 0 1 960 960 
58 2.40534 2.77701 0.439511 -0.784361 0.620305 0 0.164056 -0 0 -1 0.439511 -0.620305 -0.784361 0 3.67022 0 0 0 1 960 960 
59 2.41534 2.77701 0.439511 -0.782214 0.623009 0 0.159205 -0 0 -1 0.439511 -0.623009 -0.782214 0 3.677 0 0 0 1 960 960 
60 2.42534 2.77701 0.439511 -0.780071 0.625692 0 0.154379 -0 0 -1 0.439511 -0.625692 -0.780071 0 3.68378 0 0 0 1 960 960 
61 2.43534 2.77701 0.439511 -0.777929 0.628352 0 0.149577 -0 0 -1 0.439511 -0.628352 -0.777929 0 3.69057 0 0 0 1 960 960 
62 2.44534 2.77701 0.439511 -0.775791 0.63099 0 0.1448 -0 0 -1 0.439511 -0.63099 -0.775791 0 3.69736 0 0 0 1 960 960 
63 2.45534 2.77701 0.439511 -0.773655 0.633607 0 0.140048 -0 0 -1 0.439511 -0.633607 -0.773655 0 3.70417 0 0 0 1 960 960 
64 2.46534 2.77701 0.439511 -0.771523 0.636202 0 0.13532 -0 0 -1 0.439511 -0.636202 -0.771523 0 3.71098 0 0 0 1 960 960 
65 2.47534 2.77701 0.439511 -0.769393 0.638776 0 0.130617 -0 0 -1 0.439511 -0.638776 -0.769393 0 3.7178 0 0 0 1 960 960 
66 2.48534 2.77701 0.439511 -0.767267 0.641328 0 0.125939 -0 0 -1 0.439511 -0.641328 -0.767267 0 3.72463 0 0 0 1 960 960 
67 2.49534 2.77701 0.439511 -0.765144 0.643859 0 0.121284 -0 0 -1 0.439511 -0.643859 -0.765144 0 3.73146 0 0 0 1 960 960 
68 2.50534 2.77572 0.436264 -0.762791 0.646645 0 0.116146 -0 0 -1 0.436264 -0.646645 -0.762791 0 3.73735 0 0 0 1 960 960 
69 2.51534 2.77442 0.433018 -0.76044 0.649409 0 0.111031 -0 0 -1 0.433018 -0.649409 -0.76044 0 3.74326 0 0 0 1 960 960 
70 2.52534 2.77442 0.433018 -0.758325 0.651877 0 0.106448 -0 0 -1 0.433018 -0.651877 -0.758325 0 3.75012 0 0 0 1 960 960 
71 2.53534 2.77442 0.433018 -0.756214 0.654324 0 0.10189 -0 0 -1 0.433018 -0.654324 -0.756214 0 3.75698 0 0 0 1 960 960 
72 2.54534 2.77442 0.433018 -0.754108 0.656751 0 0.0973567 -0 0 -1 0.433018 -0.656751 -0.754108 0 3.76386 0 0 0 1 960 960 
73 2.55534 2.77442 0.433018 -0.752005 0.659158 0 0.0928472 -0 0 -1 0.433018 -0.659158 -0.752005 0 3.77074 0 0 0 1 960 960 
74 2.56534 2.77442 0.433018 -0.749906 0.661544 0 0.0883618 -0 0 -1 0.433018 -0.661544 -0.749906 0 3.77764 0 0 0 1 960 960 
75 2.57534 2.77442 0.433018 -0.747812 0.663911 0 0.0839006 -0 0 -1 0.433018 -0.663911 -0.747812 0 3.78453 0 0 0 1 960 960 
76 2.58534 2.77442 0.433018 -0.745721 0.666258 0 0.0794635 -0 0 -1 0.433018 -0.666258 -0.745721 0 3.79144 0 0 0 1 960 960 
77 2.59534 2.77442 0.433018 -0.743636 0.668585 0 0.0750504 -0 0 -1 0.433018 -0.668585 -0.743636 0 3.79836 0 0 0 1 960 960 
78 2.60534 2.77442 0.433018 -0.741554 0.670893 0 0.0706612 -0 0 -1 0.433018 -0.670893 -0.741554 0 3.80528 0 0 0 1 960 960 
79 2.61534 2.77442 0.433018 -0.739477 0.673181 0 0.0662958 -0 0 -1 0.433018 -0.673181 -0.739477 0 3.81221 0 0 0 1 960 960 
80 2.62534 2.77312 0.429771 -0.737159 0.67572 0 0.0614391 -0 0 -1 0.429771 -0.67572 -0.737159 0 3.81822 0 0 0 1 960 960 
81 2.63534 2.77312 0.429771 -0.73509 0.677969 0 0.0571209 -0 0 -1 0.429771 -0.677969 -0.73509 0 3.82517 0 0 0 1 960 960 
82 2.64534 2.77312 0.429771 -0.733027 0.6802 0 0.0528264 -0 0 -1 0.429771 -0.6802 -0.733027 0 3.83213 0 0 0 1 960 960 
83 2.65534 2.77052 0.423277 -0.730468 0.682947 0 0.0475219 -0 0 -1 0.423277 -0.682947 -0.730468 0 3.83723 0 0 0 1 960 960 
84 2.66534 2.77052 0.423277 -0.728413 0.685139 0 0.0432741 -0 0 -1 0.423277 -0.685139 -0.728413 0 3.84421 0 0 0 1 960 960 
85 2.67534 2.77052 0.423277 -0.726362 0.687312 0 0.0390497 -0 0 -1 0.423277 -0.687312 -0.726362 0 3.85119 0 0 0 1 960 960 
86 2.68534 2.77052 0.423277 -0.724316 0.689468 0 0.0348487 -0 0 -1 0.423277 -0.689468 -0.724316 0 3.85819 0 0 0 1 960 960 
87 2.69534 2.77052 0.423277 -0.722276 0.691605 0 0.030671 -0 0 -1 0.423277 -0.691605 -0.722276 0 3.86519 0 0 0 1 960 960 
88 2.70534 2.77052 0.423277 -0.720241 0.693724 0 0.0265166 -0 0 -1 0.423277 -0.693724 -0.720241 0 3.8722 0 0 0 1 960 960 
89 2.71534 2.77052 0.423277 -0.718211 0.695825 0 0.0223854 -0 0 -1 0.423277 -0.695825 -0.718211 0 3.87922 0 0 0 1 960 960 
90 2.72534 2.77052 0.423277 -0.716186 0.697909 0 0.0182773 -0 0 -1 0.423277 -0.697909 -0.716186 0 3.88625 0 0 0 1 960 960 
91 2.73534 2.77052 0.423277 -0.714167 0.699975 0 0.0141921 -0 0 -1 0.423277 -0.699975 -0.714167 0 3.89328 0 0 0 1 960 960 
92 2.74534 2.76922 0.420031 -0.711896 0.702285 0 0.009611 -0 0 -1 0.420031 -0.702285 -0.711896 0 3.89941 0 0 0 1 960 960 
93 2.75534 2.76922 0.420031 -0.709887 0.704316 0 0.00557145 -0 0 -1 0.420031 -0.704316 -0.709887 0 3.90646 0 0 0 1 960 960 
94 2.76534 2.76922 0.420031 -0.707884 0.706329 0 0.00155463 -0 0 -1 0.420031 -0.706329 -0.707884 0 3.91352 0 0 0 1 960 960 
95 2.77534 2.76922 0.420031 -0.705886 0.708326 0 -0.00243956 -0 0 -1 0.420031 -0.708326 -0.705886 0 3.9206 0 0 0 1 960 960 
96 2.78534 2.76922 0.420031 -0.703894 0.710305 0 -0.00641123 -0 0 -1 0.420031 -0.710305 -0.703894 0 3.92768 0 0 0 1 960 960 
97 2.79534 2.76922 0.420031 -0.701908 0.712268 0 -0.0103605 -0 0 -1 0.420031 -0.712268 -0.701908 0 3.93477 0 0 0 1 960 960 
98 2.80534 2.77052 0.423277 -0.700189 0.713958 0 -0.0137686 -0 0 -1 0.423277 -0.713958 -0.700189 0 3.94278 0 0 0 1 960 960 
99 2.81534 2.77052 0.423277 -0.698215 0.715888 0 -0.0176734 -0 0 -1 0.423277 -0.715888 -0.698215 0 3.94988 0 0 0 1 960 960 
100 2.82534 2.77052 0.423277 -0.696247 0.717803 0 -0.021556 -0 0 -1 0.423277 -0.717803 -0.696247 0 3.957 0 0 0 1 960 960 
101 2.83534 2.77182 0.426524 -0.694548 0.719446 0 -0.0248984 -0 0 -1 0.426524 -0.719446 -0.694548 0 3.96503 0 0 0 1 960 960 
102 2.84534 2.77182 0.426524 -0.692592 0.721329 0 -0.0287372 -0 0 -1 0.426524 -0.721329 -0.692592 0 3.97216 0 0 0 1 960 960 
103 2.85534 2.77182 0.426524 -0.690642 0.723197 0 -0.0325543 -0 0 -1 0.426524 -0.723197 -0.690642 0 3.9793 0 0 0 1 960 960 
104 2.86534 2.77182 0.426524 -0.688698 0.725048 0 -0.0363496 -0 0 -1 0.426524 -0.725048 -0.688698 0 3.98645 0 0 0 1 960 960 
105 2.87534 2.77182 0.426524 -0.68676 0.726884 0 -0.0401233 -0 0 -1 0.426524 -0.726884 -0.68676 0 3.99361 0 0 0 1 960 960 
106 2.88534 2.77182 0.426524 -0.684829 0.728704 0 -0.0438756 -0 0 -1 0.426524 -0.728704 -0.684829 0 4.00078 0 0 0 1 960 960 
107 2.89534 2.77182 0.426524 -0.682903 0.730509 0 -0.0476064 -0 0 -1 0.426524 -0.730509 -0.682903 0 4.00795 0 0 0 1 960 960 
108 2.90534 2.77182 0.426524 -0.680983 0.732299 0 -0.051316 -0 0 -1 0.426524 -0.732299 -0.680983 0 4.01514 0 0 0 1 960 960 
109 2.91534 2.77182 0.426524 -0.67907 0.734074 0 -0.0550044 -0 0 -1 0.426524 -0.734074 -0.67907 0 4.02233 0 0 0 1 960 960 
110 2.92534 2.77312 0.429771 -0.677431 0.735587 0 -0.0581559 -0 0 -1 0.429771 -0.735587 -0.677431 0 4.03043 0 0 0 1 960 960 
111 2.93534 2.77312 0.429771 -0.67553 0.737333 0 -0.0618025 -0 0 -1 0.429771 -0.737333 -0.67553 0 4.03764 0 0 0 1 960 960 
112 2.94534 2.77572 0.436264 -0.674174 0.738573 0 -0.0643989 -0 0 -1 0.436264 -0.738573 -0.674174 0 4.04666 0 0 0 1 960 960 
113 2.95534 2.77572 0.436264 -0.672287 0.740291 0 -0.0680046 -0 0 -1 0.436264 -0.740291 -0.672287 0 4.05388 0 0 0 1 960 960 
114 2.96534 2.77701 0.439511 -0.670675 0.741751 0 -0.071076 -0 0 -1 0.439511 -0.741751 -0.670675 0 4.06202 0 0 0 1 960 960 
115 2.97534 2.77701 0.439511 -0.668801 0.743442 0 -0.074641 -0 0 -1 0.439511 -0.743442 -0.668801 0 4.06926 0 0 0 1 960 960 
116 2.98534 2.77701 0.439511 -0.666933 0.745118 0 -0.0781856 -0 0 -1 0.439511 -0.745118 -0.666933 0 4.07651 0 0 0 1 960 960 
117 2.99534 2.77701 0.439511 -0.665071 0.746781 0 -0.08171 -0 0 -1 0.439511 -0.746781 -0.665071 0 4.08377 0 0 0 1 960 960 
118 3.00534 2.77701 0.439511 -0.663215 0.748429 0 -0.0852142 -0 0 -1 0.439511 -0.748429 -0.663215 0 4.09104 0 0 0 1 960 960 
119 3.01534 2.77831 0.442758 -0.661637 0.749824 0 -0.0881868 -0 0 -1 0.442758 -0.749824 -0.661637 0 4.09921 0 0 0 1 960 960 
120 3.02534 2.77831 0.442758 -0.659795 0.751446 0 -0.0916514 -0 0 -1 0.442758 -0.751446 -0.659795 0 4.10649 0 0 0 1 960 960 
121 3.03534 2.77831 0.442758 -0.657958 0.753054 0 -0.0950962 -0 0 -1 0.442758 -0.753054 -0.657958 0 4.11379 0 0 0 1 960 960 
122 3.04534 2.77831 0.442758 -0.656128 0.754649 0 -0.0985213 -0 0 -1 0.442758 -0.754649 -0.656128 0 4.12109 0 0 0 1 960 960 
123 3.05534 2.77961 0.446005 -0.654578 0.755995 0 -0.101417 -0 0 -1 0.446005 -0.755995 -0.654578 0 4.12929 0 0 0 1 960 960 
124 3.06534 2.77961 0.446005 -0.652761 0.757564 0 -0.104804 -0 0 -1 0.446005 -0.757564 -0.652761 0 4.13661 0 0 0 1 960 960 
125 3.07534 2.77961 0.446005 -0.65095 0.759121 0 -0.108171 -0 0 -1 0.446005 -0.759121 -0.65095 0 4.14394 0 0 0 1 960 960 
126 3.08534 2.77961 0.446005 -0.649146 0.760664 0 -0.111519 -0 0 -1 0.446005 -0.760664 -0.649146 0 4.15128 0 0 0 1 960 960 
127 3.09534 2.77961 0.446005 -0.647348 0.762195 0 -0.114847 -0 0 -1 0.446005 -0.762195 -0.647348 0 4.15862 0 0 0 1 960 960 
128 3.10534 2.77961 0.446005 -0.645556 0.763713 0 -0.118157 -0 0 -1 0.446005 -0.763713 -0.645556 0 4.16598 0 0 0 1 960 960 
129 3.11534 2.77961 0.446005 -0.643771 0.765218 0 -0.121448 -0 0 -1 0.446005 -0.765218 -0.643771 0 4.17334 0 0 0 1 960 960 
130 3.12534 2.77961 0.446005 -0.641992 0.766711 0 -0.12472 -0 0 -1 0.446005 -0.766711 -0.641992 0 4.18072 0 0 0 1 960 960 
131 3.13534 2.78091 0.449252 -0.640495 0.767962 0 -0.127467 -0 0 -1 0.449252 -0.767962 -0.640495 0 4.18898 0 0 0 1 960 960 
132 3.14534 2.78091 0.449252 -0.638729 0.769432 0 -0.130703 -0 0 -1 0.449252 -0.769432 -0.638729 0 4.19637 0 0 0 1 960 960 
133 3.15534 2.78351 0.455745 -0.637521 0.770433 0 -0.132911 -0 0 -1 0.455745 -0.770433 -0.637521 0 4.20552 0 0 0 1 960 960 
134 3.16534 2.78351 0.455745 -0.635769 0.77188 0 -0.136111 -0 0 -1 0.455745 -0.77188 -0.635769 0 4.21292 0 0 0 1 960 960 
135 3.17534 2.78351 0.455745 -0.634023 0.773315 0 -0.139292 -0 0 -1 0.455745 -0.773315 -0.634023 0 4.22034 0 0 0 1 960 960 
136 3.18534 2.78481 0.458992 -0.632559 0.774512 0 -0.141953 -0 0 -1 0.458992 -0.774512 -0.632559 0 4.22864 0 0 0 1 960 960 
137 3.19534 2.78481 0.458992 -0.630826 0.775925 0 -0.145099 -0 0 -1 0.458992 -0.775925 -0.630826 0 4.23607 0 0 0 1 960 960 
138 3.20534 2.78481 0.458992 -0.629099 0.777325 0 -0.148226 -0 0 -1 0.458992 -0.777325 -0.629099 0 4.24351 0 0 0 1 960 960 
139 3.21534 2.78481 0.458992 -0.627379 0.778714 0 -0.151336 -0 0 -1 0.458992 -0.778714 -0.627379 0 4.25096 0 0 0 1 960 960 
140 3.22534 2.78481 0.458992 -0.625664 0.780092 0 -0.154428 -0 0 -1 0.458992 -0.780092 -0.625664 0 4.25841 0 0 0 1 960 960 
141 3.23534 2.78481 0.458992 -0.623957 0.781459 0 -0.157502 -0 0 -1 0.458992 -0.781459 -0.623957 0 4.26588 0 0 0 1 960 960 
142 3.24534 2.78481 0.458992 -0.622255 0.782814 0 -0.160559 -0 0 -1 0.458992 -0.782814 -0.622255 0 4.27336 0 0 0 1 960 960 
143 3.25534 2.78481 0.458992 -0.62056 0.784159 0 -0.163599 -0 0 -1 0.458992 -0.784159 -0.62056 0 4.28084 0 0 0 1 960 960 
144 3.26534 2.78481 0.458992 -0.618871 0.785492 0 -0.166621 -0 0 -1 0.458992 -0.785492 -0.618871 0 4.28833 0 0 0 1 960 960 
145 3.27534 2.7861 0.462239 -0.617467 0.786597 0 -0.16913 -0 0 -1 0.462239 -0.786597 -0.617467 0 4.2967 0 0 0 1 960 960 
146 3.28534 2.7874 0.465485 -0.616069 0.787692 0 -0.171624 -0 0 -1 0.465485 -0.787692 -0.616069 0 4.30507 0 0 0 1 960 960 
147 3.29534 2.7887 0.468732 -0.614677 0.788779 0 -0.174102 -0 0 -1 0.468732 -0.788779 -0.614677 0 4.31344 0 0 0 1 960 960 
148 3.30534 2.7887 0.468732 -0.613014 0.790072 0 -0.177058 -0 0 -1 0.468732 -0.790072 -0.613014 0 4.32097 0 0 0 1 960 960 
149 3.31534 2.79 0.471979 -0.611635 0.79114 0 -0.179505 -0 0 -1 0.471979 -0.79114 -0.611635 0 4.32936 0 0 0 1 960 960 
150 3.32534 2.7913 0.475226 -0.610263 0.792199 0 -0.181936 -0 0 -1 0.475226 -0.792199 -0.610263 0 4.33775 0 0 0 1 960 960 
151 3.33534 2.7913 0.475226 -0.608619 0.793463 0 -0.184844 -0 0 -1 0.475226 -0.793463 -0.608619 0 4.3453 0 0 0 1 960 960 
152 3.34534 2.7926 0.478472 -0.607259 0.794504 0 -0.187245 -0 0 -1 0.478472 -0.794504 -0.607259 0 4.35371 0 0 0 1 960 960 
153 3.35534 2.7926 0.478472 -0.605628 0.795748 0 -0.19012 -0 0 -1 0.478472 -0.795748 -0.605628 0 4.36128 0 0 0 1 960 960 
154 3.36534 2.7926 0.478472 -0.604003 0.796982 0 -0.19298 -0 0 -1 0.478472 -0.796982 -0.604003 0 4.36885 0 0 0 1 960 960 
155 3.37534 2.7926 0.478472 -0.602384 0.798207 0 -0.195823 -0 0 -1 0.478472 -0.798207 -0.602384 0 4.37643 0 0 0 1 960 960 
156 3.38534 2.7926 0.478472 -0.600771 0.799421 0 -0.19865 -0 0 -1 0.478472 -0.799421 -0.600771 0 4.38402 0 0 0 1 960 960 
157 3.39534 2.7926 0.478472 -0.599165 0.800626 0 -0.201461 -0 0 -1 0.478472 -0.800626 -0.599165 0 4.39162 0 0 0 1 960 960 
158 3.40534 2.7926 0.478472 -0.597564 0.801821 0 -0.204257 -0 0 -1 0.478472 -0.801821 -0.597564 0 4.39923 0 0 0 1 960 960 
159 3.41534 2.7926 0.478472 -0.59597 0.803007 0 -0.207036 -0 0 -1 0.478472 -0.803007 -0.59597 0 4.40684 0 0 0 1 960 960 
160 3.42534 2.7926 0.478472 -0.594382 0.804183 0 -0.2098 -0 0 -1 0.478472 -0.804183 -0.594382 0 4.41447 0 0 0 1 960 960 
161 3.43534 2.7926 0.478472 -0.5928 0.805349 0 -0.212549 -0 0 -1 0.478472 -0.805349 -0.5928 0 4.4221 0 0 0 1 960 960 
162 3.44534 2.7926 0.478472 -0.591225 0.806507 0 -0.215282 -0 0 -1 0.478472 -0.806507 -0.591225 0 4.42974 0 0 0 1 960 960 
163 3.45534 2.7926 0.478472 -0.589655 0.807655 0 -0.218 -0 0 -1 0.478472 -0.807655 -0.589655 0 4.43739 0 0 0 1 960 960 
164 3.46534 2.7926 0.478472 -0.588092 0.808794 0 -0.220703 -0 0 -1 0.478472 -0.808794 -0.588092 0 4.44505 0 0 0 1 960 960 
165 3.47534 2.7913 0.475226 -0.586255 0.810126 0 -0.223871 -0 0 -1 0.475226 -0.810126 -0.586255 0 4.45188 0 0 0 1 960 960 
166 3.48534 2.7913 0.475226 -0.584704 0.811247 0 -0.226543 -0 0 -1 0.475226 -0.811247 -0.584704 0 4.45955 0 0 0 1 960 960 
167 3.49534 2.7913 0.475226 -0.583159 0.812358 0 -0.2292 -0 0 -1 0.475226 -0.812358 -0.583159 0 4.46724 0 0 0 1 960 960 
168 3.50534 2.79 0.471979 -0.58134 0.813661 0 -0.23232 -0 0 -1 0.471979 -0.813661 -0.58134 0 4.47409 0 0 0 1 960 960 
169 3.51534 2.79 0.471979 -0.579807 0.814754 0 -0.234947 -0 0 -1 0.471979 -0.814754 -0.579807 0 4.4818 0 0 0 1 960 960 
170 3.52534 2.79 0.471979 -0.57828 0.815838 0 -0.237558 -0 0 -1 0.471979 -0.815838 -0.57828 0 4.48951 0 0 0 1 960 960 
171 3.53534 2.79 0.471979 -0.576759 0.816914 0 -0.240156 -0 0 -1 0.471979 -0.816914 -0.576759 0 4.49722 0 0 0 1 960 960 
172 3.54534 2.79 0.471979 -0.575244 0.817982 0 -0.242738 -0 0 -1 0.471979 -0.817982 -0.575244 0 4.50495 0 0 0 1 960 960 
173 3.55534 2.79 0.471979 -0.573735 0.819041 0 -0.245307 -0 0 -1 0.471979 -0.819041 -0.573735 0 4.51269 0 0 0 1 960 960 
174 3.56534 2.79 0.471979 -0.572231 0.820092 0 -0.247861 -0 0 -1 0.471979 -0.820092 -0.572231 0 4.52043 0 0 0 1 960 960 
175 3.57534 2.7887 0.468732 -0.570455 0.821329 0 -0.250874 -0 0 -1 0.468732 -0.821329 -0.570455 0 4.52736 0 0 0 1 960 960 
176 3.58534 2.7887 0.468732 -0.568964 0.822363 0 -0.253399 -0 0 -1 0.468732 -0.822363 -0.568964 0 4.53512 0 0 0 1 960 960 
177 3.59534 2.7874 0.465485 -0.567199 0.823581 0 -0.256382 -0 0 -1 0.465485 -0.823581 -0.567199 0 4.54206 0 0 0 1 960 960 
178 3.60534 2.7874 0.465485 -0.565719 0.824598 0 -0.258878 -0 0 -1 0.465485 -0.824598 -0.565719 0 4.54984 0 0 0 1 960 960 
179 3.61534 2.7874 0.465485 -0.564246 0.825607 0 -0.261361 -0 0 -1 0.465485 -0.825607 -0.564246 0 4.55763 0 0 0 1 960 960 
180 3.62534 2.7874 0.465485 -0.562778 0.826608 0 -0.26383 -0 0 -1 0.465485 -0.826608 -0.562778 0 4.56542 0 0 0 1 960 960 
181 3.63534 2.7874 0.465485 -0.561316 0.827601 0 -0.266285 -0 0 -1 0.465485 -0.827601 -0.561316 0 4.57322 0 0 0 1 960 960 
182 3.64534 2.7861 0.462239 -0.559581 0.828776 0 -0.269195 -0 0 -1 0.462239 -0.828776 -0.559581 0 4.58022 0 0 0 1 960 960 
183 3.65534 2.7861 0.462239 -0.558131 0.829753 0 -0.271622 -0 0 -1 0.462239 -0.829753 -0.558131 0 4.58804 0 0 0 1 960 960 
184 3.66534 2.78481 0.458992 -0.556407 0.83091 0 -0.274502 -0 0 -1 0.458992 -0.83091 -0.556407 0 4.59505 0 0 0 1 960 960 
185 3.67534 2.78481 0.458992 -0.554969 0.831871 0 -0.276902 -0 0 -1 0.458992 -0.831871 -0.554969 0 4.60289 0 0 0 1 960 960 
186 3.68534 2.78481 0.458992 -0.553536 0.832825 0 -0.279289 -0 0 -1 0.458992 -0.832825 -0.553536 0 4.61073 0 0 0 1 960 960 
187 3.69534 2.78481 0.458992 -0.552109 0.833772 0 -0.281662 -0 0 -1 0.458992 -0.833772 -0.552109 0 4.61858 0 0 0 1 960 960 
188 3.70534 2.78481 0.458992 -0.550688 0.834711 0 -0.284023 -0 0 -1 0.458992 -0.834711 -0.550688 0 4.62644 0 0 0 1 960 960 
189 3.71534 2.78481 0.458992 -0.549273 0.835643 0 -0.28637 -0 0 -1 0.458992 -0.835643 -0.549273 0 4.63431 0 0 0 1 960 960 
190 3.72534 2.78481 0.458992 -0.547863 0.836568 0 -0.288705 -0 0 -1 0.458992 -0.836568 -0.547863 0 4.64219 0 0 0 1 960 960 
191 3.73534 2.78351 0.455745 -0.54618 0.837668 0 -0.291487 -0 0 -1 0.455745 -0.837668 -0.54618 0 4.64927 0 0 0 1 960 960 
192 3.74534 2.78351 0.455745 -0.544782 0.838578 0 -0.293796 -0 0 -1 0.455745 -0.838578 -0.544782 0 4.65716 0 0 0 1 960 960 
193 3.75534 2.78221 0.452498 -0.54311 0.839661 0 -0.296551 -0 0 -1 0.452498 -0.839661 -0.54311 0 4.66426 0 0 0 1 960 960 
194 3.76534 2.78221 0.452498 -0.541723 0.840557 0 -0.298833 -0 0 -1 0.452498 -0.840557 -0.541723 0 4.67217 0 0 0 1 960 960 
195 3.77534 2.78221 0.452498 -0.540342 0.841445 0 -0.301103 -0 0 -1 0.452498 -0.841445 -0.540342 0 4.68008 0 0 0 1 960 960 
196 3.78534 2.78221 0.452498 -0.538967 0.842327 0 -0.303361 -0 0 -1 0.452498 -0.842327 -0.538967 0 4.68801 0 0 0 1 960 960 
197 3.79534 2.78221 0.452498 -0.537596 0.843202 0 -0.305606 -0 0 -1 0.452498 -0.843202 -0.537596 0 4.69594 0 0 0 1 960 960 
198 3.80534 2.78221 0.452498 -0.536232 0.844071 0 -0.307839 -0 0 -1 0.452498 -0.844071 -0.536232 0 4.70388 0 0 0 1 960 960 
199 3.81534 2.78221 0.452498 -0.534873 0.844933 0 -0.31006 -0 0 -1 0.452498 -0.844933 -0.534873 0 4.71183 0 0 0 1 960 960 
200 3.82534 2.78221 0.452498 -0.533519 0.845788 0 -0.312269 -0 0 -1 0.452498 -0.845788 -0.533519 0 4.71978 0 0 0 1 960 960 
201 3.83534 2.78221 0.452498 -0.532171 0.846637 0 -0.314466 -0 0 -1 0.452498 -0.846637 -0.532171 0 4.72775 0 0 0 1 960 960 
202 3.84534 2.78221 0.452498 -0.530828 0.847479 0 -0.316651 -0 0 -1 0.452498 -0.847479 -0.530828 0 4.73572 0 0 0 1 960 960 
203 3.85534 2.78221 0.452498 -0.529491 0.848315 0 -0.318824 -0 0 -1 0.452498 -0.848315 -0.529491 0 4.7437 0 0 0 1 960 960 
204 3.86534 2.78221 0.452498 -0.528159 0.849145 0 -0.320986 -0 0 -1 0.452498 -0.849145 -0.528159 0 4.75168 0 0 0 1 960 960 
205 3.87534 2.78221 0.452498 -0.526833 0.849969 0 -0.323136 -0 0 -1 0.452498 -0.849969 -0.526833 0 4.75967 0 0 0 1 960 960 
206 3.88534 2.78221 0.452498 -0.525512 0.850786 0 -0.325274 -0 0 -1 0.452498 -0.850786 -0.525512 0 4.76767 0 0 0 1 960 960 
207 3.89534 2.78221 0.452498 -0.524196 0.851597 0 -0.327401 -0 0 -1 0.452498 -0.851597 -0.524196 0 4.77568 0 0 0 1 960 960 
208 3.90534 2.78221 0.452498 -0.522886 0.852403 0 -0.329517 -0 0 -1 0.452498 -0.852403 -0.522886 0 4.7837 0 0 0 1 960 960 
209 3.91534 2.78221 0.452498 -0.521581 0.853202 0 -0.331621 -0 0 -1 0.452498 -0.853202 -0.521581 0 4.79172 0 0 0 1 960 960 
210 3.92534 2.78221 0.452498 -0.520281 0.853995 0 -0.333714 -0 0 -1 0.452498 -0.853995 -0.520281 0 4.79975 0 0 0 1 960 960 
211 3.93534 2.78221 0.452498 -0.518987 0.854782 0 -0.335796 -0 0 -1 0.452498 -0.854782 -0.518987 0 4.80779 0 0 0 1 960 960 
212 3.94534 2.78221 0.452498 -0.517698 0.855564 0 -0.337866 -0 0 -1 0.452498 -0.855564 -0.517698 0 4.81583 0 0 0 1 960 960 
213 3.95534 2.78221 0.452498 -0.516414 0.856339 0 -0.339926 -0 0 -1 0.452498 -0.856339 -0.516414 0 4.82388 0 0 0 1 960 960 
214 3.96534 2.78221 0.452498 -0.515135 0.857109 0 -0.341975 -0 0 -1 0.452498 -0.857109 -0.515135 0 4.83194 0 0 0 1 960 960 
215 3.97534 2.78351 0.455745 -0.514137 0.857708 0 -0.343572 -0 0 -1 0.455745 -0.857708 -0.514137 0 4.84078 0 0 0 1 960 960 
216 3.98534 2.78481 0.458992 -0.513143 0.858303 0 -0.34516 -0 0 -1 0.458992 -0.858303 -0.513143 0 4.84963 0 0 0 1 960 960 
217 3.99534 2.78481 0.458992 -0.511879 0.859057 0 -0.347178 -0 0 -1 0.458992 -0.859057 -0.511879 0 4.85771 0 0 0 1 960 960 
218 4.00534 2.78481 0.458992 -0.510621 0.859806 0 -0.349185 -0 0 -1 0.458992 -0.859806 -0.510621 0 4.86579 0 0 0 1 960 960 
219 4.01534 2.78481 0.458992 -0.509367 0.860549 0 -0.351182 -0 0 -1 0.458992 -0.860549 -0.509367 0 4.87388 0 0 0 1 960 960 
220 4.02534 2.7861 0.462239 -0.508393 0.861125 0 -0.352732 -0 0 -1 0.462239 -0.861125 -0.508393 0 4.88275 0 0 0 1 960 960 
221 4.03534 2.7861 0.462239 -0.507149 0.861858 0 -0.354709 -0 0 -1 0.462239 -0.861858 -0.507149 0 4.89086 0 0 0 1 960 960 
222 4.04534 2.7861 0.462239 -0.505911 0.862586 0 -0.356675 -0 0 -1 0.462239 -0.862586 -0.505911 0 4.89897 0 0 0 1 960 960 
223 4.05534 2.7874 0.465485 -0.504951 0.863148 0 -0.358198 -0 0 -1 0.465485 -0.863148 -0.504951 0 4.90786 0 0 0 1 960 960 
224 4.06534 2.7887 0.468732 -0.503995 0.863707 0 -0.359712 -0 0 -1 0.468732 -0.863707 -0.503995 0 4.91675 0 0 0 1 960 960 
225 4.07534 2.7887 0.468732 -0.502771 0.86442 0 -0.361649 -0 0 -1 0.468732 -0.86442 -0.502771 0 4.92488 0 0 0 1 960 960 
226 4.08534 2.7887 0.468732 -0.501552 0.865128 0 -0.363576 -0 0 -1 0.468732 -0.865128 -0.501552 0 4.93302 0 0 0 1 960 960 
227 4.09534 2.7887 0.468732 -0.500337 0.86583 0 -0.365493 -0 0 -1 0.468732 -0.86583 -0.500337 0 4.94116 0 0 0 1 960 960 
228 4.10534 2.7887 0.468732 -0.499128 0.866528 0 -0.3674 -0 0 -1 0.468732 -0.866528 -0.499128 0 4.94931 0 0 0 1 960 960 
229 4.11534 2.7887 0.468732 -0.497924 0.867221 0 -0.369297 -0 0 -1 0.468732 -0.867221 -0.497924 0 4.95747 0 0 0 1 960 960 
230 4.12534 2.7887 0.468732 -0.496724 0.867909 0 -0.371184 -0 0 -1 0.468732 -0.867909 -0.496724 0 4.96563 0 0 0 1 960 960 
231 4.13534 2.7887 0.468732 -0.495529 0.868591 0 -0.373062 -0 0 -1 0.468732 -0.868591 -0.495529 0 4.9738 0 0 0 1 960 960 
232 4.14534 2.7887 0.468732 -0.494339 0.869269 0 -0.37493 -0 0 -1 0.468732 -0.869269 -0.494339 0 4.98198 0 0 0 1 960 960 
233 4.15534 2.7874 0.465485 -0.492883 0.870096 0 -0.377212 -0 0 -1 0.465485 -0.870096 -0.492883 0 4.9894 0 0 0 1 960 960 
234 4.16534 2.7874 0.465485 -0.491703 0.870763 0 -0.37906 -0 0 -1 0.465485 -0.870763 -0.491703 0 4.99759 0 0 0 1 960 960 
235 4.17534 2.7874 0.465485 -0.490527 0.871426 0 -0.380898 -0 0 -1 0.465485 -0.871426 -0.490527 0 5.00579 0 0 0 1 960 960 
236 4.18534 2.7874 0.465485 -0.489357 0.872084 0 -0.382727 -0 0 -1 0.465485 -0.872084 -0.489357 0 5.014 0 0 0 1 960 960 
237 4.19534 2.7874 0.465485 -0.488191 0.872737 0 -0.384546 -0 0 -1 0.465485 -0.872737 -0.488191 0 5.02221 0 0 0 1 960 960 
238 4.20534 2.7874 0.465485 -0.487029 0.873386 0 -0.386356 -0 0 -1 0.465485 -0.873386 -0.487029 0 5.03043 0 0 0 1 960 960 
239 4.21534 2.7874 0.465485 -0.485873 0.87403 0 -0.388157 -0 0 -1 0.465485 -0.87403 -0.485873 0 5.03865 0 0 0 1 960 960 
240 4.22534 2.7874 0.465485 -0.48472 0.874669 0 -0.389949 -0 0 -1 0.465485 -0.874669 -0.48472 0 5.04688 0 0 0 1 960 960 
241 4.23534 2.7874 0.465485 -0.483573 0.875304 0 -0.391731 -0 0 -1 0.465485 -0.875304 -0.483573 0 5.05512 0 0 0 1 960 960 
242 4.24534 2.7874 0.465485 -0.48243 0.875934 0 -0.393504 -0 0 -1 0.465485 -0.875934 -0.48243 0 5.06336 0 0 0 1 960 960 
243 4.25534 2.7874 0.465485 -0.481292 0.87656 0 -0.395268 -0 0 -1 0.465485 -0.87656 -0.481292 0 5.07161 0 0 0 1 960 960 
244 4.26534 2.7874 0.465485 -0.480158 0.877182 0 -0.397024 -0 0 -1 0.465485 -0.877182 -0.480158 0 5.07987 0 0 0 1 960 960 
245 4.27534 2.7874 0.465485 -0.479029 0.877799 0 -0.39877 -0 0 -1 0.465485 -0.877799 -0.479029 0 5.08813 0 0 0 1 960 960 
246 4.28534 2.7874 0.465485 -0.477904 0.878412 0 -0.400508 -0 0 -1 0.465485 -0.878412 -0.477904 0 5.0964 0 0 0 1 960 960 
247 4.29534 2.7874 0.465485 -0.476784 0.87902 0 -0.402236 -0 0 -1 0.465485 -0.87902 -0.476784 0 5.10468 0 0 0 1 960 960 
248 4.30534 2.7874 0.465485 -0.475668 0.879625 0 -0.403956 -0 0 -1 0.465485 -0.879625 -0.475668 0 5.11296 0 0 0 1 960 960 
249 4.31534 2.7874 0.465485 -0.474557 0.880225 0 -0.405668 -0 0 -1 0.465485 -0.880225 -0.474557 0 5.12125 0 0 0 1 960 960 
250 4.32534 2.7874 0.465485 -0.47345 0.880821 0 -0.40737 -0 0 -1 0.465485 -0.880821 -0.47345 0 5.12954 0 0 0 1 960 960 
251 4.33534 2.7874 0.465485 -0.472348 0.881412 0 -0.409064 -0 0 -1 0.465485 -0.881412 -0.472348 0 5.13784 0 0 0 1 960 960 
252 4.34534 2.7874 0.465485 -0.47125 0.882 0 -0.41075 -0 0 -1 0.465485 -0.882 -0.47125 0 5.14615 0 0 0 1 960 960 
253 4.35534 2.7874 0.465485 -0.470156 0.882583 0 -0.412427 -0 0 -1 0.465485 -0.882583 -0.470156 0 5.15446 0 0 0 1 960 960 
254 4.36534 2.7874 0.465485 -0.469067 0.883163 0 -0.414096 -0 0 -1 0.465485 -0.883163 -0.469067 0 5.16278 0 0 0 1 960 960 
255 4.37534 2.7874 0.465485 -0.467982 0.883738 0 -0.415756 -0 0 -1 0.465485 -0.883738 -0.467982 0 5.17111 0 0 0 1 960 960 
256 4.38534 2.7874 0.465485 -0.466901 0.884309 0 -0.417408 -0 0 -1 0.465485 -0.884309 -0.466901 0 5.17944 0 0 0 1 960 960 
257 4.39534 2.7874 0.465485 -0.465825 0.884877 0 -0.419052 -0 0 -1 0.465485 -0.884877 -0.465825 0 5.18777 0 0 0 1 960 960 
258 4.40534 2.7874 0.465485 -0.464753 0.88544 0 -0.420688 -0 0 -1 0.465485 -0.88544 -0.464753 0 5.19612 0 0 0 1 960 960 
259 4.41534 2.7874 0.465485 -0.463685 0.886 0 -0.422315 -0 0 -1 0.465485 -0.886 -0.463685 0 5.20447 0 0 0 1 960 960 
260 4.42534 2.7874 0.465485 -0.462621 0.886556 0 -0.423935 -0 0 -1 0.465485 -0.886556 -0.462621 0 5.21282 0 0 0 1 960 960 
261 4.43534 2.7874 0.465485 -0.461562 0.887108 0 -0.425546 -0 0 -1 0.465485 -0.887108 -0.461562 0 5.22118 0 0 0 1 960 960 
262 4.44534 2.7874 0.465485 -0.460507 0.887656 0 -0.42715 -0 0 -1 0.465485 -0.887656 -0.460507 0 5.22955 0 0 0 1 960 960 
263 4.45534 2.7887 0.468732 -0.459719 0.888065 0 -0.428346 -0 0 -1 0.468732 -0.888065 -0.459719 0 5.23864 0 0 0 1 960 960 
264 4.46534 2.7887 0.468732 -0.458672 0.888606 0 -0.429934 -0 0 -1 0.468732 -0.888606 -0.458672 0 5.24702 0 0 0 1 960 960 
265 4.47534 2.7887 0.468732 -0.457628 0.889144 0 -0.431515 -0 0 -1 0.468732 -0.889144 -0.457628 0 5.25541 0 0 0 1 960 960 
266 4.48534 2.7874 0.465485 -0.456327 0.889812 0 -0.433485 -0 0 -1 0.465485 -0.889812 -0.456327 0 5.26307 0 0 0 1 960 960 
267 4.49534 2.7874 0.465485 -0.455292 0.890342 0 -0.435049 -0 0 -1 0.465485 -0.890342 -0.455292 0 5.27147 0 0 0 1 960 960 
268 4.50534 2.7874 0.465485 -0.454262 0.890868 0 -0.436606 -0 0 -1 0.465485 -0.890868 -0.454262 0 5.27987 0 0 0 1 960 960 
269 4.51534 2.7874 0.465485 -0.453235 0.891391 0 -0.438155 -0 0 -1 0.465485 -0.891391 -0.453235 0 5.28828 0 0 0 1 960 960 
270 4.52534 2.7861 0.462239 -0.451952 0.892042 0 -0.440091 -0 0 -1 0.462239 -0.892042 -0.451952 0 5.29598 0 0 0 1 960 960 
271 4.53534 2.7861 0.462239 -0.450933 0.892558 0 -0.441624 -0 0 -1 0.462239 -0.892558 -0.450933 0 5.3044 0 0 0 1 960 960 
272 4.54534 2.7861 0.462239 -0.449919 0.893069 0 -0.44315 -0 0 -1 0.462239 -0.893069 -0.449919 0 5.31282 0 0 0 1 960 960 
273 4.55534 2.7861 0.462239 -0.448909 0.893577 0 -0.444668 -0 0 -1 0.462239 -0.893577 -0.448909 0 5.32125 0 0 0 1 960 960 
274 4.56534 2.7861 0.462239 -0.447903 0.894082 0 -0.446179 -0 0 -1 0.462239 -0.894082 -0.447903 0 5.32969 0 0 0 1 960 960 
275 4.57534 2.78481 0.458992 -0.446641 0.894713 0 -0.448073 -0 0 -1 0.458992 -0.894713 -0.446641 0 5.33742 0 0 0 1 960 960 
276 4.58534 2.78481 0.458992 -0.445642 0.895211 0 -0.449569 -0 0 -1 0.458992 -0.895211 -0.445642 0 5.34587 0 0 0 1 960 960 
277 4.59534 2.78481 0.458992 -0.444648 0.895705 0 -0.451057 -0 0 -1 0.458992 -0.895705 -0.444648 0 5.35433 0 0 0 1 960 960 
278 4.60534 2.78481 0.458992 -0.443658 0.896196 0 -0.452538 -0 0 -1 0.458992 -0.896196 -0.443658 0 5.36279 0 0 0 1 960 960 
279 4.61534 2.78351 0.455745 -0.442413 0.896812 0 -0.454399 -0 0 -1 0.455745 -0.896812 -0.442413 0 5.37055 0 0 0 1 960 960 
280 4.62534 2.78351 0.455745 -0.44143 0.897296 0 -0.455865 -0 0 -1 0.455745 -0.897296 -0.44143 0 5.37902 0 0 0 1 960 960 
281 4.63534 2.78351 0.455745 -0.440452 0.897776 0 -0.457324 -0 0 -1 0.455745 -0.897776 -0.440452 0 5.3875 0 0 0 1 960 960 
282 4.64534 2.78351 0.455745 -0.439477 0.898254 0 -0.458777 -0 0 -1 0.455745 -0.898254 -0.439477 0 5.39598 0 0 0 1 960 960 
283 4.65534 2.78351 0.455745 -0.438506 0.898728 0 -0.460222 -0 0 -1 0.455745 -0.898728 -0.438506 0 5.40447 0 0 0 1 960 960 
284 4.66534 2.78221 0.452498 -0.437282 0.899325 0 -0.462043 -0 0 -1 0.452498 -0.899325 -0.437282 0 5.41226 0 0 0 1 960 960 
285 4.67534 2.78221 0.452498 -0.436319 0.899792 0 -0.463474 -0 0 -1 0.452498 -0.899792 -0.436319 0 5.42076 0 0 0 1 960 960 
286 4.68534 2.78221 0.452498 -0.435359 0.900257 0 -0.464897 -0 0 -1 0.452498 -0.900257 -0.435359 0 5.42927 0 0 0 1 960 960 
287 4.69534 2.78351 0.455745 -0.434661 0.900594 0 -0.465934 -0 0 -1 0.455745 -0.900594 -0.434661 0 5.43847 0 0 0 1 960 960 
288 4.70534 2.78351 0.455745 -0.433708 0.901053 0 -0.467345 -0 0 -1 0.455745 -0.901053 -0.433708 0 5.44699 0 0 0 1 960 960 
289 4.71534 2.78351 0.455745 -0.43276 0.901509 0 -0.468749 -0 0 -1 0.455745 -0.901509 -0.43276 0 5.45551 0 0 0 1 960 960 
290 4.72534 2.78351 0.455745 -0.431815 0.901962 0 -0.470147 -0 0 -1 0.455745 -0.901962 -0.431815 0 5.46403 0 0 0 1 960 960 
291 4.73534 2.78351 0.455745 -0.430874 0.902412 0 -0.471538 -0 0 -1 0.455745 -0.902412 -0.430874 0 5.47257 0 0 0 1 960 960 
292 4.74534 2.78351 0.455745 -0.429936 0.902859 0 -0.472923 -0 0 -1 0.455745 -0.902859 -0.429936 0 5.4811 0 0 0 1 960 960 
293 4.75534 2.78351 0.455745 -0.429002 0.903303 0 -0.474301 -0 0 -1 0.455745 -0.903303 -0.429002 0 5.48964 0 0 0 1 960 960 
294 4.76534 2.78221 0.452498 -0.427817 0.903865 0 -0.476048 -0 0 -1 0.452498 -0.903865 -0.427817 0 5.4975 0 0 0 1 960 960 
295 4.77534 2.78221 0.452498 -0.426891 0.904303 0 -0.477412 -0 0 -1 0.452498 -0.904303 -0.426891 0 5.50605 0 0 0 1 960 960 
296 4.78534 2.78091 0.449252 -0.425714 0.904858 0 -0.479144 -0 0 -1 0.449252 -0.904858 -0.425714 0 5.51392 0 0 0 1 960 960 
297 4.79534 2.78091 0.449252 -0.424795 0.90529 0 -0.480495 -0 0 -1 0.449252 -0.90529 -0.424795 0 5.52248 0 0 0 1 960 960 
298 4.80534 2.78091 0.449252 -0.423879 0.905719 0 -0.481839 -0 0 -1 0.449252 -0.905719 -0.423879 0 5.53105 0 0 0 1 960 960 
299 4.81534 2.78091 0.449252 -0.422967 0.906145 0 -0.483178 -0 0 -1 0.449252 -0.906145 -0.422967 0 5.53963 0 0 0 1 960 960 
300 4.82534 2.77961 0.446005 -0.421806 0.906686 0 -0.48488 -0 0 -1 0.446005 -0.906686 -0.421806 0 5.54752 0 0 0 1 960 960 
301 4.83534 2.77961 0.446005 -0.420901 0.907107 0 -0.486206 -0 0 -1 0.446005 -0.907107 -0.420901 0 5.55611 0 0 0 1 960 960 
302 4.84534 2.77961 0.446005 -0.42 0.907524 0 -0.487524 -0 0 -1 0.446005 -0.907524 -0.42 0 5.5647 0 0 0 1 960 960 
303 4.85534 2.77961 0.446005 -0.419102 0.907939 0 -0.488837 -0 0 -1 0.446005 -0.907939 -0.419102 0 5.57329 0 0 0 1 960 960 
304 4.86534 2.77831 0.442758 -0.417956 0.908467 0 -0.490512 -0 0 -1 0.442758 -0.908467 -0.417956 0 5.58121 0 0 0 1 960 960 
305 4.87534 2.77831 0.442758 -0.417065 0.908877 0 -0.491812 -0 0 -1 0.442758 -0.908877 -0.417065 0 5.58982 0 0 0 1 960 960 
306 4.88534 2.77831 0.442758 -0.416178 0.909283 0 -0.493106 -0 0 -1 0.442758 -0.909283 -0.416178 0 5.59843 0 0 0 1 960 960 
307 4.89534 2.77831 0.442758 -0.415294 0.909687 0 -0.494394 -0 0 -1 0.442758 -0.909687 -0.415294 0 5.60704 0 0 0 1 960 960 
308 4.90534 2.77831 0.442758 -0.414413 0.910089 0 -0.495676 -0 0 -1 0.442758 -0.910089 -0.414413 0 5.61566 0 0 0 1 960 960 
309 4.91534 2.77701 0.439511 -0.413285 0.910601 0 -0.497316 -0 0 -1 0.439511 -0.910601 -0.413285 0 5.62361 0 0 0 1 960 960 
310 4.92534 2.77701 0.439511 -0.412412 0.910998 0 -0.498586 -0 0 -1 0.439511 -0.910998 -0.412412 0 5.63224 0 0 0 1 960 960 
311 4.93534 2.77701 0.439511 -0.411542 0.911391 0 -0.499849 -0 0 -1 0.439511 -0.911391 -0.411542 0 5.64088 0 0 0 1 960 960 
312 4.94534 2.77701 0.439511 -0.410675 0.911782 0 -0.501107 -0 0 -1 0.439511 -0.911782 -0.410675 0 5.64952 0 0 0 1 960 960 
313 4.95534 2.77701 0.439511 -0.409811 0.912171 0 -0.50236 -0 0 -1 0.439511 -0.912171 -0.409811 0 5.65816 0 0 0 1 960 960 
314 4.96534 2.77701 0.439511 -0.40895 0.912557 0 -0.503606 -0 0 -1 0.439511 -0.912557 -0.40895 0 5.66681 0 0 0 1 960 960 
315 4.97534 2.77701 0.439511 -0.408093 0.91294 0 -0.504847 -0 0 -1 0.439511 -0.91294 -0.408093 0 5.67547 0 0 0 1 960 960 
316 4.98534 2.77701 0.439511 -0.407239 0.913322 0 -0.506082 -0 0 -1 0.439511 -0.913322 -0.407239 0 5.68412 0 0 0 1 960 960 
317 4.99534 2.77701 0.439511 -0.406388 0.9137 0 -0.507312 -0 0 -1 0.439511 -0.9137 -0.406388 0 5.69279 0 0 0 1 960 960 
318 5.00534 2.77701 0.439511 -0.405541 0.914077 0 -0.508536 -0 0 -1 0.439511 -0.914077 -0.405541 0 5.70145 0 0 0 1 960 960 
319 5.01534 2.77701 0.439511 -0.404696 0.914451 0 -0.509755 -0 0 -1 0.439511 -0.914451 -0.404696 0 5.71013 0 0 0 1 960 960 
320 5.02534 2.77701 0.439511 -0.403855 0.914823 0 -0.510968 -0 0 -1 0.439511 -0.914823 -0.403855 0 5.7188 0 0 0 1 960 960 
321 5.03534 2.77701 0.439511 -0.403017 0.915192 0 -0.512175 -0 0 -1 0.439511 -0.915192 -0.403017 0 5.72749 0 0 0 1 960 960 
322 5.04534 2.77701 0.439511 -0.402182 0.91556 0 -0.513377 -0 0 -1 0.439511 -0.91556 -0.402182 0 5.73617 0 0 0 1 960 960 
323 5.05534 2.77701 0.439511 -0.40135 0.915925 0 -0.514574 -0 0 -1 0.439511 -0.915925 -0.40135 0 5.74486 0 0 0 1 960 960 
324 5.06534 2.77701 0.439511 -0.400522 0.916287 0 -0.515766 -0 0 -1 0.439511 -0.916287 -0.400522 0 5.75356 0 0 0 1 960 960 
325 5.07534 2.77701 0.439511 -0.399696 0.916648 0 -0.516952 -0 0 -1 0.439511 -0.916648 -0.399696 0 5.76226 0 0 0 1 960 960 
