0 2.81534 1.78981 0.348992 -0.398951 0.916972 0 -0.518021 -0 0 -1 0.348992 -0.916972 -0.398951 0 3.29563 0 0 0 1 960 960 
1 2.81571 1.79481 0.355485 -0.401002 0.916077 0 -0.515075 -0 0 -1 0.355485 -0.916077 -0.401002 0 3.29913 0 0 0 1 960 960 
2 2.81349 1.79981 0.355485 -0.403529 0.914967 0 -0.511437 -0 0 -1 0.355485 -0.914967 -0.403529 0 3.30052 0 0 0 1 960 960 
3 2.81127 1.80481 0.355485 -0.406054 0.913849 0 -0.507796 -0 0 -1 0.355485 -0.913849 -0.406054 0 3.30192 0 0 0 1 960 960 
4 2.81034 1.80981 0.358732 -0.408331 0.912834 0 -0.504504 -0 0 -1 0.358732 -0.912834 -0.408331 0 3.30438 0 0 0 1 960 960 
5 2.80812 1.81481 0.358732 -0.410847 0.911704 0 -0.500857 -0 0 -1 0.358732 -0.911704 -0.410847 0 3.30578 0 0 0 1 960 960 
6 2.8059 1.81981 0.358732 -0.413361 0.910567 0 -0.497206 -0 0 -1 0.358732 -0.910567 -0.413361 0 3.3072 0 0 0 1 960 960 
7 2.80368 1.82481 0.358732 -0.415872 0.909423 0 -0.493552 -0 0 -1 0.358732 -0.909423 -0.415872 0 3.30861 0 0 0 1 960 960 
8 2.80145 1.82981 0.358732 -0.418379 0.908273 0 -0.489894 -0 0 -1 0.358732 -0.908273 -0.418379 0 3.31004 0 0 0 1 960 960 
9 2.79923 1.83481 0.358732 -0.420882 0.907115 0 -0.486233 -0 0 -1 0.358732 -0.907115 -0.420882 0 3.31146 0 0 0 1 960 960 
10 2.79701 1.83981 0.358732 -0.423383 0.905951 0 -0.482568 -0 0 -1 0.358732 -0.905951 -0.423383 0 3.3129 0 0 0 1 960 960 
11 2.79479 1.84481 0.358732 -0.42588 0.90478 0 -0.4789 -0 0 -1 0.358732 -0.90478 -0.42588 0 3.31433 0 0 0 1 960 960 
12 2.79257 1.84981 0.358732 -0.428373 0.903602 0 -0.475229 -0 0 -1 0.358732 -0.903602 -0.428373 0 3.31577 0 0 0 1 960 960 
13 2.79034 1.85481 0.358732 -0.430863 0.902418 0 -0.471555 -0 0 -1 0.358732 -0.902418 -0.430863 0 3.31722 0 0 0 1 960 960 
14 2.78812 1.85981 0.358732 -0.433349 0.901226 0 -0.467878 -0 0 -1 0.358732 -0.901226 -0.433349 0 3.31867 0 0 0 1 960 960 
15 2.7859 1.86481 0.358732 -0.435831 0.900029 0 -0.464197 -0 0 -1 0.358732 -0.900029 -0.435831 0 3.32013 0 0 0 1 960 960 
16 2.78498 1.86981 0.361979 -0.438052 0.89895 0 -0.460898 -0 0 -1 0.361979 -0.89895 -0.438052 0 3.32262 0 0 0 1 960 960 
17 2.78275 1.87481 0.361979 -0.440526 0.89774 0 -0.457214 -0 0 -1 0.361979 -0.89774 -0.440526 0 3.32409 0 0 0 1 960 960 
18 2.78053 1.87981 0.361979 -0.442995 0.896524 0 -0.453528 -0 0 -1 0.361979 -0.896524 -0.442995 0 3.32556 0 0 0 1 960 960 
19 2.77961 1.88481 0.365226 -0.445201 0.895431 0 -0.45023 -0 0 -1 0.365226 -0.895431 -0.445201 0 3.32806 0 0 0 1 960 960 
20 2.77868 1.88981 0.368472 -0.4474 0.894334 0 -0.446934 -0 0 -1 0.368472 -0.894334 -0.4474 0 3.33057 0 0 0 1 960 960 
21 2.77646 1.89481 0.368472 -0.449856 0.893101 0 -0.443245 -0 0 -1 0.368472 -0.893101 -0.449856 0 3.33205 0 0 0 1 960 960 
22 2.77424 1.89981 0.368472 -0.452308 0.891862 0 -0.439554 -0 0 -1 0.368472 -0.891862 -0.452308 0 3.33354 0 0 0 1 960 960 
23 2.77202 1.90481 0.368472 -0.454756 0.890616 0 -0.43586 -0 0 -1 0.368472 -0.890616 -0.454756 0 3.33502 0 0 0 1 960 960 
24 2.76979 1.90981 0.368472 -0.457199 0.889364 0 -0.432165 -0 0 -1 0.368472 -0.889364 -0.457199 0 3.33652 0 0 0 1 960 960 
25 2.76757 1.91481 0.368472 -0.459639 0.888106 0 -0.428467 -0 0 -1 0.368472 -0.888106 -0.459639 0 3.33802 0 0 0 1 960 960 
26 2.76535 1.91981 0.368472 -0.462074 0.886841 0 -0.424768 -0 0 -1 0.368472 -0.886841 -0.462074 0 3.33952 0 0 0 1 960 960 
27 2.76183 1.92481 0.365226 -0.464773 0.88543 0 -0.420657 -0 0 -1 0.365226 -0.88543 -0.464773 0 3.34 0 0 0 1 960 960 
28 2.75831 1.92981 0.361979 -0.46747 0.884009 0 -0.416539 -0 0 -1 0.361979 -0.884009 -0.46747 0 3.3405 0 0 0 1 960 960 
29 2.75609 1.93481 0.361979 -0.469894 0.882723 0 -0.412829 -0 0 -1 0.361979 -0.882723 -0.469894 0 3.34201 0 0 0 1 960 960 
30 2.75257 1.93981 0.358732 -0.472585 0.881285 0 -0.408699 -0 0 -1 0.358732 -0.881285 -0.472585 0 3.34252 0 0 0 1 960 960 
31 2.75034 1.94481 0.358732 -0.475001 0.879985 0 -0.404984 -0 0 -1 0.358732 -0.879985 -0.475001 0 3.34405 0 0 0 1 960 960 
32 2.74682 1.94981 0.355485 -0.477686 0.87853 0 -0.400844 -0 0 -1 0.355485 -0.87853 -0.477686 0 3.34456 0 0 0 1 960 960 
33 2.7433 1.95481 0.352239 -0.480369 0.877066 0 -0.396697 -0 0 -1 0.352239 -0.877066 -0.480369 0 3.34509 0 0 0 1 960 960 
34 2.74108 1.95981 0.352239 -0.482773 0.875746 0 -0.392973 -0 0 -1 0.352239 -0.875746 -0.482773 0 3.34663 0 0 0 1 960 960 
35 2.73886 1.96481 0.352239 -0.485172 0.874419 0 -0.389247 -0 0 -1 0.352239 -0.874419 -0.485172 0 3.34818 0 0 0 1 960 960 
36 2.73534 1.96981 0.348992 -0.487844 0.872931 0 -0.385087 -0 0 -1 0.348992 -0.872931 -0.487844 0 3.34872 0 0 0 1 960 960 
37 2.73182 1.97481 0.345745 -0.490514 0.871434 0 -0.38092 -0 0 -1 0.345745 -0.871434 -0.490514 0 3.34926 0 0 0 1 960 960 
38 2.72959 1.97981 0.345745 -0.4929 0.870086 0 -0.377187 -0 0 -1 0.345745 -0.870086 -0.4929 0 3.35083 0 0 0 1 960 960 
39 2.72607 1.98481 0.342498 -0.495562 0.868573 0 -0.373011 -0 0 -1 0.342498 -0.868573 -0.495562 0 3.35139 0 0 0 1 960 960 
40 2.72385 1.98981 0.342498 -0.497939 0.867212 0 -0.369273 -0 0 -1 0.342498 -0.867212 -0.497939 0 3.35296 0 0 0 1 960 960 
41 2.72033 1.99481 0.339251 -0.500594 0.865682 0 -0.365088 -0 0 -1 0.339251 -0.865682 -0.500594 0 3.35353 0 0 0 1 960 960 
42 2.71811 1.99981 0.339251 -0.502961 0.864309 0 -0.361347 -0 0 -1 0.339251 -0.864309 -0.502961 0 3.35511 0 0 0 1 960 960 
43 2.71588 2.00481 0.339251 -0.505324 0.86293 0 -0.357606 -0 0 -1 0.339251 -0.86293 -0.505324 0 3.35669 0 0 0 1 960 960 
44 2.71236 2.00981 0.336005 -0.507967 0.861377 0 -0.35341 -0 0 -1 0.336005 -0.861377 -0.507967 0 3.35728 0 0 0 1 960 960 
45 2.71014 2.01481 0.336005 -0.510319 0.859985 0 -0.349666 -0 0 -1 0.336005 -0.859985 -0.510319 0 3.35888 0 0 0 1 960 960 
46 2.70792 2.01981 0.336005 -0.512667 0.858588 0 -0.345921 -0 0 -1 0.336005 -0.858588 -0.512667 0 3.36047 0 0 0 1 960 960 
47 2.7044 2.02481 0.332758 -0.515297 0.857012 0 -0.341715 -0 0 -1 0.332758 -0.857012 -0.515297 0 3.36108 0 0 0 1 960 960 
48 2.70218 2.02981 0.332758 -0.517634 0.855602 0 -0.337968 -0 0 -1 0.332758 -0.855602 -0.517634 0 3.36268 0 0 0 1 960 960 
49 2.69995 2.03481 0.332758 -0.519966 0.854187 0 -0.334221 -0 0 -1 0.332758 -0.854187 -0.519966 0 3.3643 0 0 0 1 960 960 
50 2.69773 2.03981 0.332758 -0.522292 0.852767 0 -0.330474 -0 0 -1 0.332758 -0.852767 -0.522292 0 3.36591 0 0 0 1 960 960 
51 2.69421 2.04481 0.329511 -0.524904 0.851161 0 -0.326257 -0 0 -1 0.329511 -0.851161 -0.524904 0 3.36654 0 0 0 1 960 960 
52 2.69199 2.04981 0.329511 -0.52722 0.849729 0 -0.322508 -0 0 -1 0.329511 -0.849729 -0.52722 0 3.36816 0 0 0 1 960 960 
53 2.68977 2.05481 0.329511 -0.52953 0.848291 0 -0.318761 -0 0 -1 0.329511 -0.848291 -0.52953 0 3.36979 0 0 0 1 960 960 
54 2.68754 2.05981 0.329511 -0.531835 0.846848 0 -0.315013 -0 0 -1 0.329511 -0.846848 -0.531835 0 3.37142 0 0 0 1 960 960 
55 2.68532 2.06481 0.329511 -0.534134 0.8454 0 -0.311266 -0 0 -1 0.329511 -0.8454 -0.534134 0 3.37305 0 0 0 1 960 960 
56 2.6831 2.06981 0.329511 -0.536427 0.843947 0 -0.30752 -0 0 -1 0.329511 -0.843947 -0.536427 0 3.37469 0 0 0 1 960 960 
57 2.68088 2.07481 0.329511 -0.538714 0.842489 0 -0.303775 -0 0 -1 0.329511 -0.842489 -0.538714 0 3.37634 0 0 0 1 960 960 
58 2.67865 2.07981 0.329511 -0.540995 0.841026 0 -0.30003 -0 0 -1 0.329511 -0.841026 -0.540995 0 3.37798 0 0 0 1 960 960 
59 2.67643 2.08481 0.329511 -0.543271 0.839557 0 -0.296287 -0 0 -1 0.329511 -0.839557 -0.543271 0 3.37963 0 0 0 1 960 960 
60 2.67421 2.08981 0.329511 -0.54554 0.838085 0 -0.292544 -0 0 -1 0.329511 -0.838085 -0.54554 0 3.38129 0 0 0 1 960 960 
61 2.67199 2.09481 0.329511 -0.547804 0.836607 0 -0.288803 -0 0 -1 0.329511 -0.836607 -0.547804 0 3.38295 0 0 0 1 960 960 
62 2.66977 2.09981 0.329511 -0.550062 0.835124 0 -0.285062 -0 0 -1 0.329511 -0.835124 -0.550062 0 3.38461 0 0 0 1 960 960 
63 2.66754 2.10481 0.329511 -0.552313 0.833637 0 -0.281323 -0 0 -1 0.329511 -0.833637 -0.552313 0 3.38627 0 0 0 1 960 960 
64 2.66532 2.10981 0.329511 -0.554559 0.832144 0 -0.277586 -0 0 -1 0.329511 -0.832144 -0.554559 0 3.38794 0 0 0 1 960 960 
65 2.6631 2.11481 0.329511 -0.556798 0.830648 0 -0.273849 -0 0 -1 0.329511 -0.830648 -0.556798 0 3.38962 0 0 0 1 960 960 
66 2.66088 2.11981 0.329511 -0.559032 0.829146 0 -0.270115 -0 0 -1 0.329511 -0.829146 -0.559032 0 3.3913 0 0 0 1 960 960 
67 2.65865 2.12481 0.329511 -0.561259 0.82764 0 -0.266381 -0 0 -1 0.329511 -0.82764 -0.561259 0 3.39298 0 0 0 1 960 960 
68 2.65513 2.12981 0.326264 -0.563781 0.825924 0 -0.262142 -0 0 -1 0.326264 -0.825924 -0.563781 0 3.39368 0 0 0 1 960 960 
69 2.65161 2.13481 0.323018 -0.566299 0.8242 0 -0.257901 -0 0 -1 0.323018 -0.8242 -0.566299 0 3.3944 0 0 0 1 960 960 
70 2.64939 2.13981 0.323018 -0.568508 0.822677 0 -0.254169 -0 0 -1 0.323018 -0.822677 -0.568508 0 3.39609 0 0 0 1 960 960 
71 2.64717 2.14481 0.323018 -0.570711 0.821151 0 -0.250439 -0 0 -1 0.323018 -0.821151 -0.570711 0 3.39779 0 0 0 1 960 960 
72 2.64495 2.14981 0.323018 -0.572908 0.819619 0 -0.246711 -0 0 -1 0.323018 -0.819619 -0.572908 0 3.39949 0 0 0 1 960 960 
73 2.64272 2.15481 0.323018 -0.575099 0.818084 0 -0.242986 -0 0 -1 0.323018 -0.818084 -0.575099 0 3.4012 0 0 0 1 960 960 
74 2.6405 2.15981 0.323018 -0.577283 0.816544 0 -0.239262 -0 0 -1 0.323018 -0.816544 -0.577283 0 3.40291 0 0 0 1 960 960 
75 2.63828 2.16481 0.323018 -0.57946 0.815001 0 -0.235541 -0 0 -1 0.323018 -0.815001 -0.57946 0 3.40462 0 0 0 1 960 960 
76 2.63606 2.16981 0.323018 -0.581631 0.813453 0 -0.231822 -0 0 -1 0.323018 -0.813453 -0.581631 0 3.40633 0 0 0 1 960 960 
77 2.63384 2.17481 0.323018 -0.583796 0.811901 0 -0.228105 -0 0 -1 0.323018 -0.811901 -0.583796 0 3.40805 0 0 0 1 960 960 
78 2.63161 2.17981 0.323018 -0.585954 0.810345 0 -0.224391 -0 0 -1 0.323018 -0.810345 -0.585954 0 3.40978 0 0 0 1 960 960 
79 2.62939 2.18481 0.323018 -0.588105 0.808785 0 -0.22068 -0 0 -1 0.323018 -0.808785 -0.588105 0 3.41151 0 0 0 1 960 960 
80 2.62587 2.18981 0.319771 -0.590557 0.806996 0 -0.216439 -0 0 -1 0.319771 -0.806996 -0.590557 0 3.41227 0 0 0 1 960 960 
81 2.62365 2.19481 0.319771 -0.592695 0.805427 0 -0.212731 -0 0 -1 0.319771 -0.805427 -0.592695 0 3.41401 0 0 0 1 960 960 
82 2.62143 2.19981 0.319771 -0.594827 0.803853 0 -0.209026 -0 0 -1 0.319771 -0.803853 -0.594827 0 3.41575 0 0 0 1 960 960 
83 2.61661 2.20481 0.313277 -0.597569 0.801817 0 -0.204248 -0 0 -1 0.313277 -0.801817 -0.597569 0 3.41556 0 0 0 1 960 960 
84 2.61438 2.20981 0.313277 -0.599688 0.800234 0 -0.200545 -0 0 -1 0.313277 -0.800234 -0.599688 0 3.41731 0 0 0 1 960 960 
85 2.61216 2.21481 0.313277 -0.601801 0.798646 0 -0.196845 -0 0 -1 0.313277 -0.798646 -0.601801 0 3.41906 0 0 0 1 960 960 
86 2.60994 2.21981 0.313277 -0.603906 0.797055 0 -0.193149 -0 0 -1 0.313277 -0.797055 -0.603906 0 3.42082 0 0 0 1 960 960 
87 2.60772 2.22481 0.313277 -0.606005 0.795461 0 -0.189455 -0 0 -1 0.313277 -0.795461 -0.606005 0 3.42258 0 0 0 1 960 960 
88 2.60549 2.22981 0.313277 -0.608097 0.793863 0 -0.185765 -0 0 -1 0.313277 -0.793863 -0.608097 0 3.42434 0 0 0 1 960 960 
89 2.60327 2.23481 0.313277 -0.610182 0.792261 0 -0.182079 -0 0 -1 0.313277 -0.792261 -0.610182 0 3.42611 0 0 0 1 960 960 
90 2.60105 2.23981 0.313277 -0.612261 0.790656 0 -0.178395 -0 0 -1 0.313277 -0.790656 -0.612261 0 3.42788 0 0 0 1 960 960 
91 2.59883 2.24481 0.313277 -0.614332 0.789048 0 -0.174716 -0 0 -1 0.313277 -0.789048 -0.614332 0 3.42966 0 0 0 1 960 960 
92 2.59531 2.24981 0.310031 -0.616707 0.787192 0 -0.170485 -0 0 -1 0.310031 -0.787192 -0.616707 0 3.43048 0 0 0 1 960 960 
93 2.59308 2.25481 0.310031 -0.618765 0.785576 0 -0.166811 -0 0 -1 0.310031 -0.785576 -0.618765 0 3.43226 0 0 0 1 960 960 
94 2.59086 2.25981 0.310031 -0.620816 0.783956 0 -0.16314 -0 0 -1 0.310031 -0.783956 -0.620816 0 3.43405 0 0 0 1 960 960 
95 2.58864 2.26481 0.310031 -0.62286 0.782334 0 -0.159474 -0 0 -1 0.310031 -0.782334 -0.62286 0 3.43584 0 0 0 1 960 960 
96 2.58642 2.26981 0.310031 -0.624896 0.780708 0 -0.155811 -0 0 -1 0.310031 -0.780708 -0.624896 0 3.43763 0 0 0 1 960 960 
97 2.5842 2.27481 0.310031 -0.626926 0.779079 0 -0.152152 -0 0 -1 0.310031 -0.779079 -0.626926 0 3.43943 0 0 0 1 960 960 
98 2.58327 2.27981 0.313277 -0.628637 0.777699 0 -0.149062 -0 0 -1 0.313277 -0.777699 -0.628637 0 3.44218 0 0 0 1 960 960 
99 2.58105 2.28481 0.313277 -0.630653 0.776065 0 -0.145413 -0 0 -1 0.313277 -0.776065 -0.630653 0 3.44398 0 0 0 1 960 960 
100 2.57883 2.28981 0.313277 -0.632661 0.774429 0 -0.141768 -0 0 -1 0.313277 -0.774429 -0.632661 0 3.44579 0 0 0 1 960 960 
101 2.5779 2.29481 0.316524 -0.63435 0.773046 0 -0.138695 -0 0 -1 0.316524 -0.773046 -0.63435 0 3.44855 0 0 0 1 960 960 
102 2.57568 2.29981 0.316524 -0.636345 0.771405 0 -0.13506 -0 0 -1 0.316524 -0.771405 -0.636345 0 3.45036 0 0 0 1 960 960 
103 2.57346 2.30481 0.316524 -0.638332 0.769761 0 -0.13143 -0 0 -1 0.316524 -0.769761 -0.638332 0 3.45218 0 0 0 1 960 960 
104 2.57124 2.30981 0.316524 -0.640312 0.768115 0 -0.127803 -0 0 -1 0.316524 -0.768115 -0.640312 0 3.454 0 0 0 1 960 960 
105 2.56902 2.31481 0.316524 -0.642285 0.766466 0 -0.124182 -0 0 -1 0.316524 -0.766466 -0.642285 0 3.45583 0 0 0 1 960 960 
106 2.56679 2.31981 0.316524 -0.64425 0.764815 0 -0.120564 -0 0 -1 0.316524 -0.764815 -0.64425 0 3.45766 0 0 0 1 960 960 
107 2.56457 2.32481 0.316524 -0.646209 0.763161 0 -0.116952 -0 0 -1 0.316524 -0.763161 -0.646209 0 3.45949 0 0 0 1 960 960 
108 2.56235 2.32981 0.316524 -0.64816 0.761504 0 -0.113344 -0 0 -1 0.316524 -0.761504 -0.64816 0 3.46133 0 0 0 1 960 960 
109 2.56013 2.33481 0.316524 -0.650104 0.759845 0 -0.10974 -0 0 -1 0.316524 -0.759845 -0.650104 0 3.46317 0 0 0 1 960 960 
110 2.5592 2.33981 0.319771 -0.651729 0.758452 0 -0.106723 -0 0 -1 0.319771 -0.758452 -0.651729 0 3.46595 0 0 0 1 960 960 
111 2.55698 2.34481 0.319771 -0.653659 0.756789 0 -0.10313 -0 0 -1 0.319771 -0.756789 -0.653659 0 3.4678 0 0 0 1 960 960 
112 2.55736 2.34981 0.326264 -0.654958 0.755666 0 -0.100708 -0 0 -1 0.326264 -0.755666 -0.654958 0 3.47153 0 0 0 1 960 960 
113 2.55513 2.35481 0.326264 -0.656873 0.754001 0 -0.0971284 -0 0 -1 0.326264 -0.754001 -0.656873 0 3.47338 0 0 0 1 960 960 
114 2.55421 2.35981 0.329511 -0.658469 0.752607 0 -0.0941379 -0 0 -1 0.329511 -0.752607 -0.658469 0 3.47618 0 0 0 1 960 960 
115 2.55199 2.36481 0.329511 -0.660371 0.75094 0 -0.0905694 -0 0 -1 0.329511 -0.75094 -0.660371 0 3.47804 0 0 0 1 960 960 
116 2.54977 2.36981 0.329511 -0.662264 0.74927 0 -0.0870058 -0 0 -1 0.329511 -0.74927 -0.662264 0 3.4799 0 0 0 1 960 960 
117 2.54754 2.37481 0.329511 -0.664151 0.747598 0 -0.0834474 -0 0 -1 0.329511 -0.747598 -0.664151 0 3.48177 0 0 0 1 960 960 
118 2.54532 2.37981 0.329511 -0.66603 0.745925 0 -0.0798941 -0 0 -1 0.329511 -0.745925 -0.66603 0 3.48364 0 0 0 1 960 960 
119 2.5444 2.38481 0.332758 -0.667591 0.744528 0 -0.0769367 -0 0 -1 0.332758 -0.744528 -0.667591 0 3.48645 0 0 0 1 960 960 
120 2.54218 2.38981 0.332758 -0.669456 0.742851 0 -0.0733951 -0 0 -1 0.332758 -0.742851 -0.669456 0 3.48833 0 0 0 1 960 960 
121 2.53995 2.39481 0.332758 -0.671314 0.741173 0 -0.069859 -0 0 -1 0.332758 -0.741173 -0.671314 0 3.49021 0 0 0 1 960 960 
122 2.53773 2.39981 0.332758 -0.673165 0.739493 0 -0.0663281 -0 0 -1 0.332758 -0.739493 -0.673165 0 3.4921 0 0 0 1 960 960 
123 2.53681 2.40481 0.336005 -0.674697 0.738095 0 -0.0633976 -0 0 -1 0.336005 -0.738095 -0.674697 0 3.49492 0 0 0 1 960 960 
124 2.53459 2.40981 0.336005 -0.676533 0.736412 0 -0.0598789 -0 0 -1 0.336005 -0.736412 -0.676533 0 3.49681 0 0 0 1 960 960 
125 2.53236 2.41481 0.336005 -0.678362 0.734728 0 -0.0563656 -0 0 -1 0.336005 -0.734728 -0.678362 0 3.49871 0 0 0 1 960 960 
126 2.53014 2.41981 0.336005 -0.680184 0.733042 0 -0.052858 -0 0 -1 0.336005 -0.733042 -0.680184 0 3.50061 0 0 0 1 960 960 
127 2.52792 2.42481 0.336005 -0.681998 0.731354 0 -0.0493561 -0 0 -1 0.336005 -0.731354 -0.681998 0 3.50252 0 0 0 1 960 960 
128 2.5257 2.42981 0.336005 -0.683805 0.729665 0 -0.0458598 -0 0 -1 0.336005 -0.729665 -0.683805 0 3.50443 0 0 0 1 960 960 
129 2.52347 2.43481 0.336005 -0.685605 0.727974 0 -0.0423691 -0 0 -1 0.336005 -0.727974 -0.685605 0 3.50634 0 0 0 1 960 960 
130 2.52125 2.43981 0.336005 -0.687397 0.726282 0 -0.0388844 -0 0 -1 0.336005 -0.726282 -0.687397 0 3.50826 0 0 0 1 960 960 
131 2.52033 2.44481 0.339251 -0.688873 0.724882 0 -0.0360087 -0 0 -1 0.339251 -0.724882 -0.688873 0 3.5111 0 0 0 1 960 960 
132 2.51811 2.44981 0.339251 -0.690651 0.723188 0 -0.0325366 -0 0 -1 0.339251 -0.723188 -0.690651 0 3.51303 0 0 0 1 960 960 
133 2.51848 2.45481 0.345745 -0.691805 0.722085 0 -0.0302797 -0 0 -1 0.345745 -0.722085 -0.691805 0 3.5168 0 0 0 1 960 960 
134 2.51626 2.45981 0.345745 -0.693569 0.72039 0 -0.0268216 -0 0 -1 0.345745 -0.72039 -0.693569 0 3.51873 0 0 0 1 960 960 
135 2.51404 2.46481 0.345745 -0.695325 0.718695 0 -0.0233695 -0 0 -1 0.345745 -0.718695 -0.695325 0 3.52067 0 0 0 1 960 960 
136 2.51311 2.46981 0.348992 -0.696767 0.717297 0 -0.0205302 -0 0 -1 0.348992 -0.717297 -0.696767 0 3.52353 0 0 0 1 960 960 
137 2.51089 2.47481 0.348992 -0.69851 0.715601 0 -0.017091 -0 0 -1 0.348992 -0.715601 -0.69851 0 3.52547 0 0 0 1 960 960 
138 2.50867 2.47981 0.348992 -0.700245 0.713903 0 -0.0136582 -0 0 -1 0.348992 -0.713903 -0.700245 0 3.52742 0 0 0 1 960 960 
139 2.50645 2.48481 0.348992 -0.701973 0.712204 0 -0.0102312 -0 0 -1 0.348992 -0.712204 -0.701973 0 3.52937 0 0 0 1 960 960 
140 2.50422 2.48981 0.348992 -0.703693 0.710504 0 -0.00681058 -0 0 -1 0.348992 -0.710504 -0.703693 0 3.53132 0 0 0 1 960 960 
141 2.502 2.49481 0.348992 -0.705407 0.708803 0 -0.00339614 -0 0 -1 0.348992 -0.708803 -0.705407 0 3.53328 0 0 0 1 960 960 
142 2.49978 2.49981 0.348992 -0.707113 0.707101 0 1.20276e-05 -0 0 -1 0.348992 -0.707101 -0.707113 0 3.53524 0 0 0 1 960 960 
143 2.49756 2.50481 0.348992 -0.708812 0.705398 0 0.003414 -0 0 -1 0.348992 -0.705398 -0.708812 0 3.53721 0 0 0 1 960 960 
144 2.49534 2.50981 0.348992 -0.710503 0.703694 0 0.00680941 -0 0 -1 0.348992 -0.703694 -0.710503 0 3.53918 0 0 0 1 960 960 
145 2.49441 2.51481 0.352239 -0.711883 0.702299 0 0.00958397 -0 0 -1 0.352239 -0.702299 -0.711883 0 3.54207 0 0 0 1 960 960 
146 2.49349 2.51981 0.355485 -0.713255 0.700904 0 0.0123507 -0 0 -1 0.355485 -0.700904 -0.713255 0 3.54496 0 0 0 1 960 960 
147 2.49257 2.52481 0.358732 -0.714621 0.699511 0 0.01511 -0 0 -1 0.358732 -0.699511 -0.714621 0 3.54786 0 0 0 1 960 960 
148 2.49034 2.52981 0.358732 -0.716285 0.697808 0 0.0184773 -0 0 -1 0.358732 -0.697808 -0.716285 0 3.54984 0 0 0 1 960 960 
149 2.48942 2.53481 0.361979 -0.717638 0.696416 0 0.0212215 -0 0 -1 0.361979 -0.696416 -0.717638 0 3.55275 0 0 0 1 960 960 
150 2.4885 2.53981 0.365226 -0.718984 0.695026 0 0.0239583 -0 0 -1 0.365226 -0.695026 -0.718984 0 3.55565 0 0 0 1 960 960 
151 2.48627 2.54481 0.365226 -0.720627 0.693323 0 0.0273042 -0 0 -1 0.365226 -0.693323 -0.720627 0 3.55765 0 0 0 1 960 960 
152 2.48535 2.54981 0.368472 -0.72196 0.691934 0 0.030026 -0 0 -1 0.368472 -0.691934 -0.72196 0 3.56056 0 0 0 1 960 960 
153 2.48313 2.55481 0.368472 -0.723589 0.690231 0 0.033358 -0 0 -1 0.368472 -0.690231 -0.723589 0 3.56256 0 0 0 1 960 960 
154 2.48091 2.55981 0.368472 -0.725211 0.688527 0 0.0366835 -0 0 -1 0.368472 -0.688527 -0.725211 0 3.56457 0 0 0 1 960 960 
155 2.47868 2.56481 0.368472 -0.726825 0.686823 0 0.0400023 -0 0 -1 0.368472 -0.686823 -0.726825 0 3.56658 0 0 0 1 960 960 
156 2.47646 2.56981 0.368472 -0.728432 0.685118 0 0.0433143 -0 0 -1 0.368472 -0.685118 -0.728432 0 3.5686 0 0 0 1 960 960 
157 2.47424 2.57481 0.368472 -0.730032 0.683413 0 0.0466196 -0 0 -1 0.368472 -0.683413 -0.730032 0 3.57062 0 0 0 1 960 960 
158 2.47202 2.57981 0.368472 -0.731625 0.681707 0 0.0499183 -0 0 -1 0.368472 -0.681707 -0.731625 0 3.57264 0 0 0 1 960 960 
159 2.46979 2.58481 0.368472 -0.733211 0.680001 0 0.05321 -0 0 -1 0.368472 -0.680001 -0.733211 0 3.57467 0 0 0 1 960 960 
160 2.46757 2.58981 0.368472 -0.73479 0.678295 0 0.0564948 -0 0 -1 0.368472 -0.678295 -0.73479 0 3.5767 0 0 0 1 960 960 
161 2.46535 2.59481 0.368472 -0.736361 0.676588 0 0.0597728 -0 0 -1 0.368472 -0.676588 -0.736361 0 3.57874 0 0 0 1 960 960 
162 2.46313 2.59981 0.368472 -0.737926 0.674882 0 0.063044 -0 0 -1 0.368472 -0.674882 -0.737926 0 3.58078 0 0 0 1 960 960 
163 2.46091 2.60481 0.368472 -0.739483 0.673175 0 0.0663081 -0 0 -1 0.368472 -0.673175 -0.739483 0 3.58283 0 0 0 1 960 960 
164 2.45868 2.60981 0.368472 -0.741033 0.671468 0 0.0695653 -0 0 -1 0.368472 -0.671468 -0.741033 0 3.58488 0 0 0 1 960 960 
165 2.45516 2.61481 0.365226 -0.742874 0.669432 0 0.0734421 -0 0 -1 0.365226 -0.669432 -0.742874 0 3.58603 0 0 0 1 960 960 
166 2.45294 2.61981 0.365226 -0.744409 0.667724 0 0.0766858 -0 0 -1 0.365226 -0.667724 -0.744409 0 3.58809 0 0 0 1 960 960 
167 2.45072 2.62481 0.365226 -0.745938 0.666015 0 0.0799225 -0 0 -1 0.365226 -0.666015 -0.745938 0 3.59016 0 0 0 1 960 960 
168 2.4472 2.62981 0.361979 -0.747755 0.663974 0 0.0837809 -0 0 -1 0.361979 -0.663974 -0.747755 0 3.59133 0 0 0 1 960 960 
169 2.44498 2.63481 0.361979 -0.749269 0.662265 0 0.0870038 -0 0 -1 0.361979 -0.662265 -0.749269 0 3.5934 0 0 0 1 960 960 
170 2.44275 2.63981 0.361979 -0.750776 0.660557 0 0.0902196 -0 0 -1 0.361979 -0.660557 -0.750776 0 3.59548 0 0 0 1 960 960 
171 2.44053 2.64481 0.361979 -0.752276 0.658848 0 0.0934282 -0 0 -1 0.361979 -0.658848 -0.752276 0 3.59756 0 0 0 1 960 960 
172 2.43831 2.64981 0.361979 -0.753769 0.657139 0 0.0966297 -0 0 -1 0.361979 -0.657139 -0.753769 0 3.59965 0 0 0 1 960 960 
173 2.43609 2.65481 0.361979 -0.755255 0.655431 0 0.0998238 -0 0 -1 0.361979 -0.655431 -0.755255 0 3.60174 0 0 0 1 960 960 
174 2.43386 2.65981 0.361979 -0.756734 0.653723 0 0.103011 -0 0 -1 0.361979 -0.653723 -0.756734 0 3.60384 0 0 0 1 960 960 
175 2.43034 2.66481 0.358732 -0.758498 0.651675 0 0.106823 -0 0 -1 0.358732 -0.651675 -0.758498 0 3.60504 0 0 0 1 960 960 
176 2.42812 2.66981 0.358732 -0.759963 0.649967 0 0.109996 -0 0 -1 0.358732 -0.649967 -0.759963 0 3.60715 0 0 0 1 960 960 
177 2.4246 2.67481 0.355485 -0.761711 0.647916 0 0.113795 -0 0 -1 0.355485 -0.647916 -0.761711 0 3.60837 0 0 0 1 960 960 
178 2.42238 2.67981 0.355485 -0.763161 0.646208 0 0.116954 -0 0 -1 0.355485 -0.646208 -0.763161 0 3.61048 0 0 0 1 960 960 
179 2.42016 2.68481 0.355485 -0.764604 0.6445 0 0.120105 -0 0 -1 0.355485 -0.6445 -0.764604 0 3.6126 0 0 0 1 960 960 
180 2.41793 2.68981 0.355485 -0.76604 0.642792 0 0.123248 -0 0 -1 0.355485 -0.642792 -0.76604 0 3.61473 0 0 0 1 960 960 
181 2.41571 2.69481 0.355485 -0.76747 0.641085 0 0.126384 -0 0 -1 0.355485 -0.641085 -0.76747 0 3.61686 0 0 0 1 960 960 
182 2.41219 2.69981 0.352239 -0.769181 0.639031 0 0.130149 -0 0 -1 0.352239 -0.639031 -0.769181 0 3.6181 0 0 0 1 960 960 
183 2.40997 2.70481 0.352239 -0.770595 0.637325 0 0.133271 -0 0 -1 0.352239 -0.637325 -0.770595 0 3.62024 0 0 0 1 960 960 
184 2.40645 2.70981 0.348992 -0.772291 0.635269 0 0.137022 -0 0 -1 0.348992 -0.635269 -0.772291 0 3.6215 0 0 0 1 960 960 
185 2.40422 2.71481 0.348992 -0.773691 0.633563 0 0.140129 -0 0 -1 0.348992 -0.633563 -0.773691 0 3.62365 0 0 0 1 960 960 
186 2.402 2.71981 0.348992 -0.775085 0.631857 0 0.143228 -0 0 -1 0.348992 -0.631857 -0.775085 0 3.6258 0 0 0 1 960 960 
187 2.39978 2.72481 0.348992 -0.776472 0.630152 0 0.14632 -0 0 -1 0.348992 -0.630152 -0.776472 0 3.62796 0 0 0 1 960 960 
188 2.39756 2.72981 0.348992 -0.777852 0.628448 0 0.149404 -0 0 -1 0.348992 -0.628448 -0.777852 0 3.63012 0 0 0 1 960 960 
189 2.39534 2.73481 0.348992 -0.779225 0.626745 0 0.15248 -0 0 -1 0.348992 -0.626745 -0.779225 0 3.63229 0 0 0 1 960 960 
190 2.39311 2.73981 0.348992 -0.780591 0.625042 0 0.155549 -0 0 -1 0.348992 -0.625042 -0.780591 0 3.63446 0 0 0 1 960 960 
191 2.38959 2.74481 0.345745 -0.782234 0.622984 0 0.15925 -0 0 -1 0.345745 -0.622984 -0.782234 0 3.63576 0 0 0 1 960 960 
192 2.38737 2.74981 0.345745 -0.783586 0.621283 0 0.162303 -0 0 -1 0.345745 -0.621283 -0.783586 0 3.63794 0 0 0 1 960 960 
193 2.38385 2.75481 0.342498 -0.785214 0.619224 0 0.16599 -0 0 -1 0.342498 -0.619224 -0.785214 0 3.63925 0 0 0 1 960 960 
194 2.38163 2.75981 0.342498 -0.786552 0.617524 0 0.169028 -0 0 -1 0.342498 -0.617524 -0.786552 0 3.64144 0 0 0 1 960 960 
195 2.37941 2.76481 0.342498 -0.787883 0.615824 0 0.172059 -0 0 -1 0.342498 -0.615824 -0.787883 0 3.64364 0 0 0 1 960 960 
196 2.37718 2.76981 0.342498 -0.789208 0.614126 0 0.175082 -0 0 -1 0.342498 -0.614126 -0.789208 0 3.64584 0 0 0 1 960 960 
197 2.37496 2.77481 0.342498 -0.790526 0.612429 0 0.178097 -0 0 -1 0.342498 -0.612429 -0.790526 0 3.64805 0 0 0 1 960 960 
198 2.37274 2.77981 0.342498 -0.791837 0.610732 0 0.181105 -0 0 -1 0.342498 -0.610732 -0.791837 0 3.65026 0 0 0 1 960 960 
199 2.37052 2.78481 0.342498 -0.793142 0.609037 0 0.184104 -0 0 -1 0.342498 -0.609037 -0.793142 0 3.65248 0 0 0 1 960 960 
200 2.36829 2.78981 0.342498 -0.794439 0.607343 0 0.187096 -0 0 -1 0.342498 -0.607343 -0.794439 0 3.6547 0 0 0 1 960 960 
201 2.36607 2.79481 0.342498 -0.795731 0.605651 0 0.19008 -0 0 -1 0.342498 -0.605651 -0.795731 0 3.65693 0 0 0 1 960 960 
202 2.36385 2.79981 0.342498 -0.797015 0.603959 0 0.193056 -0 0 -1 0.342498 -0.603959 -0.797015 0 3.65916 0 0 0 1 960 960 
203 2.36163 2.80481 0.342498 -0.798293 0.602269 0 0.196025 -0 0 -1 0.342498 -0.602269 -0.798293 0 3.66139 0 0 0 1 960 960 
204 2.35941 2.80981 0.342498 -0.799565 0.60058 0 0.198985 -0 0 -1 0.342498 -0.60058 -0.799565 0 3.66363 0 0 0 1 960 960 
205 2.35718 2.81481 0.342498 -0.80083 0.598892 0 0.201938 -0 0 -1 0.342498 -0.598892 -0.80083 0 3.66588 0 0 0 1 960 960 
206 2.35496 2.81981 0.342498 -0.802088 0.597206 0 0.204883 -0 0 -1 0.342498 -0.597206 -0.802088 0 3.66813 0 0 0 1 960 960 
207 2.35274 2.82481 0.342498 -0.80334 0.59552 0 0.20782 -0 0 -1 0.342498 -0.59552 -0.80334 0 3.67038 0 0 0 1 960 960 
208 2.35052 2.82981 0.342498 -0.804586 0.593837 0 0.210749 -0 0 -1 0.342498 -0.593837 -0.804586 0 3.67264 0 0 0 1 960 960 
209 2.34829 2.83481 0.342498 -0.805824 0.592154 0 0.21367 -0 0 -1 0.342498 -0.592154 -0.805824 0 3.67491 0 0 0 1 960 960 
210 2.34607 2.83981 0.342498 -0.807057 0.590474 0 0.216583 -0 0 -1 0.342498 -0.590474 -0.807057 0 3.67718 0 0 0 1 960 960 
211 2.34385 2.84481 0.342498 -0.808283 0.588794 0 0.219489 -0 0 -1 0.342498 -0.588794 -0.808283 0 3.67945 0 0 0 1 960 960 
212 2.34163 2.84981 0.342498 -0.809503 0.587116 0 0.222387 -0 0 -1 0.342498 -0.587116 -0.809503 0 3.68173 0 0 0 1 960 960 
213 2.33941 2.85481 0.342498 -0.810716 0.58544 0 0.225276 -0 0 -1 0.342498 -0.58544 -0.810716 0 3.68402 0 0 0 1 960 960 
214 2.33718 2.85981 0.342498 -0.811923 0.583765 0 0.228158 -0 0 -1 0.342498 -0.583765 -0.811923 0 3.68631 0 0 0 1 960 960 
215 2.33626 2.86481 0.345745 -0.812855 0.582466 0 0.230389 -0 0 -1 0.345745 -0.582466 -0.812855 0 3.68946 0 0 0 1 960 960 
216 2.33534 2.86981 0.348992 -0.813783 0.581169 0 0.232614 -0 0 -1 0.348992 -0.581169 -0.813783 0 3.69262 0 0 0 1 960 960 
217 2.33311 2.87481 0.348992 -0.814972 0.5795 0 0.235472 -0 0 -1 0.348992 -0.5795 -0.814972 0 3.69493 0 0 0 1 960 960 
218 2.33089 2.87981 0.348992 -0.816155 0.577833 0 0.238322 -0 0 -1 0.348992 -0.577833 -0.816155 0 3.69723 0 0 0 1 960 960 
219 2.32867 2.88481 0.348992 -0.817332 0.576167 0 0.241164 -0 0 -1 0.348992 -0.576167 -0.817332 0 3.69955 0 0 0 1 960 960 
220 2.32775 2.88981 0.352239 -0.818238 0.57488 0 0.243358 -0 0 -1 0.352239 -0.57488 -0.818238 0 3.70272 0 0 0 1 960 960 
221 2.32552 2.89481 0.352239 -0.819403 0.573218 0 0.246184 -0 0 -1 0.352239 -0.573218 -0.819403 0 3.70504 0 0 0 1 960 960 
222 2.3233 2.89981 0.352239 -0.820561 0.571558 0 0.249003 -0 0 -1 0.352239 -0.571558 -0.820561 0 3.70737 0 0 0 1 960 960 
223 2.32238 2.90481 0.355485 -0.821452 0.570278 0 0.251173 -0 0 -1 0.355485 -0.570278 -0.821452 0 3.71056 0 0 0 1 960 960 
224 2.32145 2.90981 0.358732 -0.822337 0.569001 0 0.253336 -0 0 -1 0.358732 -0.569001 -0.822337 0 3.71375 0 0 0 1 960 960 
225 2.31923 2.91481 0.358732 -0.823479 0.567347 0 0.256132 -0 0 -1 0.358732 -0.567347 -0.823479 0 3.71609 0 0 0 1 960 960 
226 2.31701 2.91981 0.358732 -0.824614 0.565695 0 0.258919 -0 0 -1 0.358732 -0.565695 -0.824614 0 3.71844 0 0 0 1 960 960 
227 2.31479 2.92481 0.358732 -0.825744 0.564045 0 0.261699 -0 0 -1 0.358732 -0.564045 -0.825744 0 3.72079 0 0 0 1 960 960 
228 2.31257 2.92981 0.358732 -0.826867 0.562397 0 0.26447 -0 0 -1 0.358732 -0.562397 -0.826867 0 3.72314 0 0 0 1 960 960 
229 2.31034 2.93481 0.358732 -0.827985 0.560751 0 0.267234 -0 0 -1 0.358732 -0.560751 -0.827985 0 3.7255 0 0 0 1 960 960 
230 2.30812 2.93981 0.358732 -0.829096 0.559106 0 0.26999 -0 0 -1 0.358732 -0.559106 -0.829096 0 3.72787 0 0 0 1 960 960 
231 2.3059 2.94481 0.358732 -0.830201 0.557464 0 0.272738 -0 0 -1 0.358732 -0.557464 -0.830201 0 3.73024 0 0 0 1 960 960 
232 2.30368 2.94981 0.358732 -0.831301 0.555823 0 0.275478 -0 0 -1 0.358732 -0.555823 -0.831301 0 3.73261 0 0 0 1 960 960 
233 2.30016 2.95481 0.355485 -0.832649 0.553801 0 0.278848 -0 0 -1 0.355485 -0.553801 -0.832649 0 3.73414 0 0 0 1 960 960 
234 2.29793 2.95981 0.355485 -0.833736 0.552164 0 0.281572 -0 0 -1 0.355485 -0.552164 -0.833736 0 3.73653 0 0 0 1 960 960 
235 2.29571 2.96481 0.355485 -0.834817 0.550528 0 0.284288 -0 0 -1 0.355485 -0.550528 -0.834817 0 3.73892 0 0 0 1 960 960 
236 2.29349 2.96981 0.355485 -0.835891 0.548895 0 0.286997 -0 0 -1 0.355485 -0.548895 -0.835891 0 3.74132 0 0 0 1 960 960 
237 2.29127 2.97481 0.355485 -0.83696 0.547263 0 0.289697 -0 0 -1 0.355485 -0.547263 -0.83696 0 3.74372 0 0 0 1 960 960 
238 2.28904 2.97981 0.355485 -0.838023 0.545634 0 0.292389 -0 0 -1 0.355485 -0.545634 -0.838023 0 3.74613 0 0 0 1 960 960 
239 2.28682 2.98481 0.355485 -0.839081 0.544007 0 0.295074 -0 0 -1 0.355485 -0.544007 -0.839081 0 3.74854 0 0 0 1 960 960 
240 2.2846 2.98981 0.355485 -0.840132 0.542382 0 0.297751 -0 0 -1 0.355485 -0.542382 -0.840132 0 3.75096 0 0 0 1 960 960 
241 2.28238 2.99481 0.355485 -0.841178 0.540758 0 0.30042 -0 0 -1 0.355485 -0.540758 -0.841178 0 3.75338 0 0 0 1 960 960 
242 2.28016 2.99981 0.355485 -0.842218 0.539137 0 0.303081 -0 0 -1 0.355485 -0.539137 -0.842218 0 3.75581 0 0 0 1 960 960 
243 2.27793 3.00481 0.355485 -0.843252 0.537518 0 0.305734 -0 0 -1 0.355485 -0.537518 -0.843252 0 3.75824 0 0 0 1 960 960 
244 2.27571 3.00981 0.355485 -0.844281 0.535901 0 0.308379 -0 0 -1 0.355485 -0.535901 -0.844281 0 3.76068 0 0 0 1 960 960 
245 2.27349 3.01481 0.355485 -0.845303 0.534287 0 0.311016 -0 0 -1 0.355485 -0.534287 -0.845303 0 3.76312 0 0 0 1 960 960 
246 2.27127 3.01981 0.355485 -0.84632 0.532674 0 0.313646 -0 0 -1 0.355485 -0.532674 -0.84632 0 3.76557 0 0 0 1 960 960 
247 2.26904 3.02481 0.355485 -0.847332 0.531064 0 0.316268 -0 0 -1 0.355485 -0.531064 -0.847332 0 3.76802 0 0 0 1 960 960 
248 2.26682 3.02981 0.355485 -0.848337 0.529456 0 0.318881 -0 0 -1 0.355485 -0.529456 -0.848337 0 3.77048 0 0 0 1 960 960 
249 2.2646 3.03481 0.355485 -0.849338 0.52785 0 0.321488 -0 0 -1 0.355485 -0.52785 -0.849338 0 3.77294 0 0 0 1 960 960 
250 2.26238 3.03981 0.355485 -0.850332 0.526246 0 0.324086 -0 0 -1 0.355485 -0.526246 -0.850332 0 3.77541 0 0 0 1 960 960 
251 2.26016 3.04481 0.355485 -0.851321 0.524645 0 0.326676 -0 0 -1 0.355485 -0.524645 -0.851321 0 3.77789 0 0 0 1 960 960 
252 2.25793 3.04981 0.355485 -0.852305 0.523046 0 0.329259 -0 0 -1 0.355485 -0.523046 -0.852305 0 3.78037 0 0 0 1 960 960 
253 2.25571 3.05481 0.355485 -0.853283 0.521449 0 0.331834 -0 0 -1 0.355485 -0.521449 -0.853283 0 3.78285 0 0 0 1 960 960 
254 2.25349 3.05981 0.355485 -0.854255 0.519854 0 0.334401 -0 0 -1 0.355485 -0.519854 -0.854255 0 3.78534 0 0 0 1 960 960 
255 2.25127 3.06481 0.355485 -0.855222 0.518262 0 0.33696 -0 0 -1 0.355485 -0.518262 -0.855222 0 3.78784 0 0 0 1 960 960 
256 2.24904 3.06981 0.355485 -0.856183 0.516672 0 0.339511 -0 0 -1 0.355485 -0.516672 -0.856183 0 3.79034 0 0 0 1 960 960 
257 2.24682 3.07481 0.355485 -0.857139 0.515085 0 0.342055 -0 0 -1 0.355485 -0.515085 -0.857139 0 3.79284 0 0 0 1 960 960 
258 2.2446 3.07981 0.355485 -0.85809 0.513499 0 0.344591 -0 0 -1 0.355485 -0.513499 -0.85809 0 3.79535 0 0 0 1 960 960 
259 2.24238 3.08481 0.355485 -0.859035 0.511916 0 0.347119 -0 0 -1 0.355485 -0.511916 -0.859035 0 3.79787 0 0 0 1 960 960 
260 2.24016 3.08981 0.355485 -0.859975 0.510336 0 0.349639 -0 0 -1 0.355485 -0.510336 -0.859975 0 3.80039 0 0 0 1 960 960 
261 2.23793 3.09481 0.355485 -0.86091 0.508758 0 0.352152 -0 0 -1 0.355485 -0.508758 -0.86091 0 3.80291 0 0 0 1 960 960 
262 2.23571 3.09981 0.355485 -0.861839 0.507182 0 0.354657 -0 0 -1 0.355485 -0.507182 -0.861839 0 3.80545 0 0 0 1 960 960 
263 2.23479 3.10481 0.358732 -0.862531 0.506005 0 0.356526 -0 0 -1 0.358732 -0.506005 -0.862531 0 3.8088 0 0 0 1 960 960 
264 2.23257 3.10981 0.358732 -0.86345 0.504434 0 0.359016 -0 0 -1 0.358732 -0.504434 -0.86345 0 3.81134 0 0 0 1 960 960 
265 2.23034 3.11481 0.358732 -0.864364 0.502866 0 0.361498 -0 0 -1 0.358732 -0.502866 -0.864364 0 3.81389 0 0 0 1 960 960 
266 2.22682 3.11981 0.355485 -0.865503 0.500904 0 0.364599 -0 0 -1 0.355485 -0.500904 -0.865503 0 3.81563 0 0 0 1 960 960 
267 2.2246 3.12481 0.355485 -0.866406 0.49934 0 0.367066 -0 0 -1 0.355485 -0.49934 -0.866406 0 3.81818 0 0 0 1 960 960 
268 2.22238 3.12981 0.355485 -0.867304 0.497779 0 0.369525 -0 0 -1 0.355485 -0.497779 -0.867304 0 3.82075 0 0 0 1 960 960 
269 2.22016 3.13481 0.355485 -0.868196 0.496221 0 0.371976 -0 0 -1 0.355485 -0.496221 -0.868196 0 3.82331 0 0 0 1 960 960 
270 2.21663 3.13981 0.352239 -0.869311 0.494266 0 0.375045 -0 0 -1 0.352239 -0.494266 -0.869311 0 3.82507 0 0 0 1 960 960 
271 2.21441 3.14481 0.352239 -0.870192 0.492712 0 0.37748 -0 0 -1 0.352239 -0.492712 -0.870192 0 3.82765 0 0 0 1 960 960 
272 2.21219 3.14981 0.352239 -0.871069 0.491161 0 0.379908 -0 0 -1 0.352239 -0.491161 -0.871069 0 3.83024 0 0 0 1 960 960 
273 2.20997 3.15481 0.352239 -0.87194 0.489612 0 0.382328 -0 0 -1 0.352239 -0.489612 -0.87194 0 3.83283 0 0 0 1 960 960 
274 2.20775 3.15981 0.352239 -0.872807 0.488066 0 0.38474 -0 0 -1 0.352239 -0.488066 -0.872807 0 3.83543 0 0 0 1 960 960 
275 2.20422 3.16481 0.348992 -0.873891 0.486122 0 0.387768 -0 0 -1 0.348992 -0.486122 -0.873891 0 3.83722 0 0 0 1 960 960 
276 2.202 3.16981 0.348992 -0.874746 0.484581 0 0.390165 -0 0 -1 0.348992 -0.484581 -0.874746 0 3.83983 0 0 0 1 960 960 
277 2.19978 3.17481 0.348992 -0.875597 0.483043 0 0.392554 -0 0 -1 0.348992 -0.483043 -0.875597 0 3.84244 0 0 0 1 960 960 
278 2.19756 3.17981 0.348992 -0.876442 0.481507 0 0.394936 -0 0 -1 0.348992 -0.481507 -0.876442 0 3.84506 0 0 0 1 960 960 
279 2.19404 3.18481 0.345745 -0.877503 0.479572 0 0.397931 -0 0 -1 0.345745 -0.479572 -0.877503 0 3.84687 0 0 0 1 960 960 
280 2.19182 3.18981 0.345745 -0.878338 0.478041 0 0.400297 -0 0 -1 0.345745 -0.478041 -0.878338 0 3.8495 0 0 0 1 960 960 
281 2.18959 3.19481 0.345745 -0.879168 0.476512 0 0.402656 -0 0 -1 0.345745 -0.476512 -0.879168 0 3.85214 0 0 0 1 960 960 
282 2.18737 3.19981 0.345745 -0.879993 0.474986 0 0.405007 -0 0 -1 0.345745 -0.474986 -0.879993 0 3.85478 0 0 0 1 960 960 
283 2.18515 3.20481 0.345745 -0.880814 0.473463 0 0.40735 -0 0 -1 0.345745 -0.473463 -0.880814 0 3.85742 0 0 0 1 960 960 
284 2.18163 3.20981 0.342498 -0.881845 0.47154 0 0.410305 -0 0 -1 0.342498 -0.47154 -0.881845 0 3.85927 0 0 0 1 960 960 
285 2.17941 3.21481 0.342498 -0.882655 0.470022 0 0.412633 -0 0 -1 0.342498 -0.470022 -0.882655 0 3.86193 0 0 0 1 960 960 
286 2.17718 3.21981 0.342498 -0.88346 0.468507 0 0.414953 -0 0 -1 0.342498 -0.468507 -0.88346 0 3.86459 0 0 0 1 960 960 
287 2.17626 3.22481 0.345745 -0.884047 0.467398 0 0.41665 -0 0 -1 0.345745 -0.467398 -0.884047 0 3.86806 0 0 0 1 960 960 
288 2.17404 3.22981 0.345745 -0.884844 0.465888 0 0.418956 -0 0 -1 0.345745 -0.465888 -0.884844 0 3.87073 0 0 0 1 960 960 
289 2.17182 3.23481 0.345745 -0.885636 0.464381 0 0.421255 -0 0 -1 0.345745 -0.464381 -0.885636 0 3.87341 0 0 0 1 960 960 
290 2.16959 3.23981 0.345745 -0.886423 0.462877 0 0.423546 -0 0 -1 0.345745 -0.462877 -0.886423 0 3.87609 0 0 0 1 960 960 
291 2.16737 3.24481 0.345745 -0.887205 0.461375 0 0.42583 -0 0 -1 0.345745 -0.461375 -0.887205 0 3.87878 0 0 0 1 960 960 
292 2.16515 3.24981 0.345745 -0.887983 0.459876 0 0.428107 -0 0 -1 0.345745 -0.459876 -0.887983 0 3.88147 0 0 0 1 960 960 
293 2.16293 3.25481 0.345745 -0.888756 0.45838 0 0.430376 -0 0 -1 0.345745 -0.45838 -0.888756 0 3.88417 0 0 0 1 960 960 
294 2.15941 3.25981 0.342498 -0.889733 0.456482 0 0.433251 -0 0 -1 0.342498 -0.456482 -0.889733 0 3.88609 0 0 0 1 960 960 
295 2.15718 3.26481 0.342498 -0.890496 0.454991 0 0.435505 -0 0 -1 0.342498 -0.454991 -0.890496 0 3.8888 0 0 0 1 960 960 
296 2.15366 3.26981 0.339251 -0.891461 0.453098 0 0.438363 -0 0 -1 0.339251 -0.453098 -0.891461 0 3.89072 0 0 0 1 960 960 
297 2.15144 3.27481 0.339251 -0.892214 0.451613 0 0.440602 -0 0 -1 0.339251 -0.451613 -0.892214 0 3.89345 0 0 0 1 960 960 
298 2.14922 3.27981 0.339251 -0.892963 0.45013 0 0.442833 -0 0 -1 0.339251 -0.45013 -0.892963 0 3.89617 0 0 0 1 960 960 
299 2.147 3.28481 0.339251 -0.893707 0.44865 0 0.445057 -0 0 -1 0.339251 -0.44865 -0.893707 0 3.89891 0 0 0 1 960 960 
300 2.14347 3.28981 0.336005 -0.89465 0.446767 0 0.447883 -0 0 -1 0.336005 -0.446767 -0.89465 0 3.90086 0 0 0 1 960 960 
301 2.14125 3.29481 0.336005 -0.895385 0.445293 0 0.450092 -0 0 -1 0.336005 -0.445293 -0.895385 0 3.9036 0 0 0 1 960 960 
302 2.13903 3.29981 0.336005 -0.896115 0.443821 0 0.452294 -0 0 -1 0.336005 -0.443821 -0.896115 0 3.90635 0 0 0 1 960 960 
303 2.13681 3.30481 0.336005 -0.896841 0.442352 0 0.454489 -0 0 -1 0.336005 -0.442352 -0.896841 0 3.90911 0 0 0 1 960 960 
304 2.13329 3.30981 0.332758 -0.897763 0.44048 0 0.457283 -0 0 -1 0.332758 -0.44048 -0.897763 0 3.91109 0 0 0 1 960 960 
305 2.13106 3.31481 0.332758 -0.898479 0.439016 0 0.459463 -0 0 -1 0.332758 -0.439016 -0.898479 0 3.91386 0 0 0 1 960 960 
306 2.12884 3.31981 0.332758 -0.899191 0.437556 0 0.461635 -0 0 -1 0.332758 -0.437556 -0.899191 0 3.91663 0 0 0 1 960 960 
307 2.12662 3.32481 0.332758 -0.899899 0.436099 0 0.4638 -0 0 -1 0.332758 -0.436099 -0.899899 0 3.91941 0 0 0 1 960 960 
308 2.1244 3.32981 0.332758 -0.900602 0.434644 0 0.465959 -0 0 -1 0.332758 -0.434644 -0.900602 0 3.92219 0 0 0 1 960 960 
309 2.12088 3.33481 0.329511 -0.901497 0.432784 0 0.468713 -0 0 -1 0.329511 -0.432784 -0.901497 0 3.9242 0 0 0 1 960 960 
310 2.11865 3.33981 0.329511 -0.902192 0.431335 0 0.470856 -0 0 -1 0.329511 -0.431335 -0.902192 0 3.927 0 0 0 1 960 960 
311 2.11643 3.34481 0.329511 -0.902882 0.429889 0 0.472993 -0 0 -1 0.329511 -0.429889 -0.902882 0 3.9298 0 0 0 1 960 960 
312 2.11421 3.34981 0.329511 -0.903568 0.428446 0 0.475122 -0 0 -1 0.329511 -0.428446 -0.903568 0 3.9326 0 0 0 1 960 960 
313 2.11199 3.35481 0.329511 -0.904249 0.427005 0 0.477244 -0 0 -1 0.329511 -0.427005 -0.904249 0 3.93541 0 0 0 1 960 960 
314 2.10977 3.35981 0.329511 -0.904927 0.425568 0 0.479359 -0 0 -1 0.329511 -0.425568 -0.904927 0 3.93823 0 0 0 1 960 960 
315 2.10754 3.36481 0.329511 -0.9056 0.424133 0 0.481467 -0 0 -1 0.329511 -0.424133 -0.9056 0 3.94105 0 0 0 1 960 960 
316 2.10532 3.36981 0.329511 -0.906269 0.422701 0 0.483568 -0 0 -1 0.329511 -0.422701 -0.906269 0 3.94387 0 0 0 1 960 960 
317 2.1031 3.37481 0.329511 -0.906934 0.421272 0 0.485663 -0 0 -1 0.329511 -0.421272 -0.906934 0 3.9467 0 0 0 1 960 960 
318 2.10088 3.37981 0.329511 -0.907596 0.419846 0 0.48775 -0 0 -1 0.329511 -0.419846 -0.907596 0 3.94954 0 0 0 1 960 960 
319 2.09865 3.38481 0.329511 -0.908253 0.418422 0 0.48983 -0 0 -1 0.329511 -0.418422 -0.908253 0 3.95238 0 0 0 1 960 960 
320 2.09643 3.38981 0.329511 -0.908906 0.417002 0 0.491904 -0 0 -1 0.329511 -0.417002 -0.908906 0 3.95523 0 0 0 1 960 960 
321 2.09421 3.39481 0.329511 -0.909555 0.415584 0 0.49397 -0 0 -1 0.329511 -0.415584 -0.909555 0 3.95808 0 0 0 1 960 960 
322 2.09199 3.39981 0.329511 -0.9102 0.41417 0 0.49603 -0 0 -1 0.329511 -0.41417 -0.9102 0 3.96094 0 0 0 1 960 960 
323 2.08977 3.40481 0.329511 -0.910841 0.412758 0 0.498083 -0 0 -1 0.329511 -0.412758 -0.910841 0 3.9638 0 0 0 1 960 960 
324 2.08754 3.40981 0.329511 -0.911478 0.411349 0 0.500129 -0 0 -1 0.329511 -0.411349 -0.911478 0 3.96667 0 0 0 1 960 960 
325 2.08532 3.41481 0.329511 -0.912111 0.409943 0 0.502168 -0 0 -1 0.329511 -0.409943 -0.912111 0 3.96955 0 0 0 1 960 960 
