0 1.82534 1.78481 -0.0410082 -0.689089 0.724676 0 -0.0355868 -0 0 -1 -0.0410082 -0.724676 -0.689089 0 2.55267 0 0 0 1 960 960 
1 1.83534 1.7874 -0.0345147 -0.685921 0.727676 0 -0.0417549 -0 0 -1 -0.0345147 -0.727676 -0.685921 0 2.56155 0 0 0 1 960 960 
2 1.84534 1.7874 -0.0345147 -0.681588 0.731736 0 -0.0501473 -0 0 -1 -0.0345147 -0.731736 -0.681588 0 2.56857 0 0 0 1 960 960 
3 1.85534 1.7874 -0.0345147 -0.677287 0.735719 0 -0.0584323 -0 0 -1 -0.0345147 -0.735719 -0.677287 0 2.57559 0 0 0 1 960 960 
4 1.86534 1.7887 -0.031268 -0.673623 0.739075 0 -0.0654522 -0 0 -1 -0.031268 -0.739075 -0.673623 0 2.58353 0 0 0 1 960 960 
5 1.87534 1.7887 -0.031268 -0.669387 0.742914 0 -0.0735278 -0 0 -1 -0.031268 -0.742914 -0.669387 0 2.59055 0 0 0 1 960 960 
6 1.88534 1.7887 -0.031268 -0.665182 0.746682 0 -0.0814999 -0 0 -1 -0.031268 -0.746682 -0.665182 0 2.59756 0 0 0 1 960 960 
7 1.89534 1.7887 -0.031268 -0.661009 0.750378 0 -0.0893695 -0 0 -1 -0.031268 -0.750378 -0.661009 0 2.60457 0 0 0 1 960 960 
8 1.90534 1.7887 -0.031268 -0.656868 0.754006 0 -0.0971381 -0 0 -1 -0.031268 -0.754006 -0.656868 0 2.61158 0 0 0 1 960 960 
9 1.91534 1.7887 -0.031268 -0.652759 0.757566 0 -0.104807 -0 0 -1 -0.031268 -0.757566 -0.652759 0 2.61858 0 0 0 1 960 960 
10 1.92534 1.7887 -0.031268 -0.648682 0.761059 0 -0.112377 -0 0 -1 -0.031268 -0.761059 -0.648682 0 2.62559 0 0 0 1 960 960 
11 1.93534 1.7887 -0.031268 -0.644638 0.764488 0 -0.11985 -0 0 -1 -0.031268 -0.764488 -0.644638 0 2.63261 0 0 0 1 960 960 
12 1.94534 1.7887 -0.031268 -0.640626 0.767853 0 -0.127226 -0 0 -1 -0.031268 -0.767853 -0.640626 0 2.63962 0 0 0 1 960 960 
13 1.95534 1.7887 -0.031268 -0.636647 0.771155 0 -0.134508 -0 0 -1 -0.031268 -0.771155 -0.636647 0 2.64664 0 0 0 1 960 960 
14 1.96534 1.7887 -0.031268 -0.6327 0.774397 0 -0.141696 -0 0 -1 -0.031268 -0.774397 -0.6327 0 2.65366 0 0 0 1 960 960 
15 1.97534 1.7887 -0.031268 -0.628786 0.777578 0 -0.148792 -0 0 -1 -0.031268 -0.777578 -0.628786 0 2.66069 0 0 0 1 960 960 
16 1.98534 1.79 -0.0280212 -0.625531 0.780199 0 -0.154668 -0 0 -1 -0.0280212 -0.780199 -0.625531 0 2.66866 0 0 0 1 960 960 
17 1.99534 1.79 -0.0280212 -0.621683 0.783269 0 -0.161586 -0 0 -1 -0.0280212 -0.783269 -0.621683 0 2.6757 0 0 0 1 960 960 
18 2.00534 1.79 -0.0280212 -0.617867 0.786283 0 -0.168416 -0 0 -1 -0.0280212 -0.786283 -0.617867 0 2.68274 0 0 0 1 960 960 
19 2.01534 1.7913 -0.0247745 -0.614712 0.788752 0 -0.17404 -0 0 -1 -0.0247745 -0.788752 -0.614712 0 2.69073 0 0 0 1 960 960 
20 2.02534 1.7926 -0.0215277 -0.611589 0.791176 0 -0.179586 -0 0 -1 -0.0215277 -0.791176 -0.611589 0 2.69873 0 0 0 1 960 960 
21 2.03534 1.7926 -0.0215277 -0.607871 0.794035 0 -0.186164 -0 0 -1 -0.0215277 -0.794035 -0.607871 0 2.7058 0 0 0 1 960 960 
22 2.04534 1.7926 -0.0215277 -0.604186 0.796844 0 -0.192658 -0 0 -1 -0.0215277 -0.796844 -0.604186 0 2.71287 0 0 0 1 960 960 
23 2.05534 1.7926 -0.0215277 -0.600531 0.799601 0 -0.19907 -0 0 -1 -0.0215277 -0.799601 -0.600531 0 2.71996 0 0 0 1 960 960 
24 2.06534 1.7926 -0.0215277 -0.596909 0.802309 0 -0.2054 -0 0 -1 -0.0215277 -0.802309 -0.596909 0 2.72706 0 0 0 1 960 960 
25 2.07534 1.7926 -0.0215277 -0.593318 0.804968 0 -0.21165 -0 0 -1 -0.0215277 -0.804968 -0.593318 0 2.73416 0 0 0 1 960 960 
26 2.08534 1.7926 -0.0215277 -0.589759 0.80758 0 -0.217821 -0 0 -1 -0.0215277 -0.80758 -0.589759 0 2.74128 0 0 0 1 960 960 
27 2.09534 1.7913 -0.0247745 -0.585599 0.810601 0 -0.225001 -0 0 -1 -0.0247745 -0.810601 -0.585599 0 2.74746 0 0 0 1 960 960 
28 2.10534 1.79 -0.0280212 -0.58147 0.813568 0 -0.232098 -0 0 -1 -0.0280212 -0.813568 -0.58147 0 2.75367 0 0 0 1 960 960 
29 2.11534 1.79 -0.0280212 -0.578003 0.816034 0 -0.238031 -0 0 -1 -0.0280212 -0.816034 -0.578003 0 2.76081 0 0 0 1 960 960 
30 2.12534 1.7887 -0.031268 -0.573934 0.818901 0 -0.244967 -0 0 -1 -0.031268 -0.818901 -0.573934 0 2.76704 0 0 0 1 960 960 
31 2.13534 1.7887 -0.031268 -0.57053 0.821277 0 -0.250747 -0 0 -1 -0.031268 -0.821277 -0.57053 0 2.77421 0 0 0 1 960 960 
32 2.14534 1.7874 -0.0345147 -0.566522 0.824047 0 -0.257525 -0 0 -1 -0.0345147 -0.824047 -0.566522 0 2.78046 0 0 0 1 960 960 
33 2.15534 1.7861 -0.0377615 -0.562543 0.826768 0 -0.264225 -0 0 -1 -0.0377615 -0.826768 -0.562543 0 2.78672 0 0 0 1 960 960 
34 2.16534 1.7861 -0.0377615 -0.55923 0.829013 0 -0.269783 -0 0 -1 -0.0377615 -0.829013 -0.55923 0 2.79393 0 0 0 1 960 960 
35 2.17534 1.7861 -0.0377615 -0.555947 0.831218 0 -0.275271 -0 0 -1 -0.0377615 -0.831218 -0.555947 0 2.80116 0 0 0 1 960 960 
36 2.18534 1.78481 -0.0410082 -0.552059 0.833805 0 -0.281746 -0 0 -1 -0.0410082 -0.833805 -0.552059 0 2.80746 0 0 0 1 960 960 
37 2.19534 1.78351 -0.044255 -0.548201 0.836347 0 -0.288146 -0 0 -1 -0.044255 -0.836347 -0.548201 0 2.81378 0 0 0 1 960 960 
38 2.20534 1.78351 -0.044255 -0.545007 0.838431 0 -0.293424 -0 0 -1 -0.044255 -0.838431 -0.545007 0 2.82105 0 0 0 1 960 960 
39 2.21534 1.78221 -0.0475018 -0.541208 0.840888 0 -0.29968 -0 0 -1 -0.0475018 -0.840888 -0.541208 0 2.8274 0 0 0 1 960 960 
40 2.22534 1.78221 -0.0475018 -0.538074 0.842898 0 -0.304823 -0 0 -1 -0.0475018 -0.842898 -0.538074 0 2.83469 0 0 0 1 960 960 
41 2.23534 1.78091 -0.0507485 -0.534334 0.845273 0 -0.310939 -0 0 -1 -0.0507485 -0.845273 -0.534334 0 2.84107 0 0 0 1 960 960 
42 2.24534 1.78091 -0.0507485 -0.531258 0.84721 0 -0.315952 -0 0 -1 -0.0507485 -0.84721 -0.531258 0 2.84839 0 0 0 1 960 960 
43 2.25534 1.78091 -0.0507485 -0.52821 0.849114 0 -0.320904 -0 0 -1 -0.0507485 -0.849114 -0.52821 0 2.85573 0 0 0 1 960 960 
44 2.26534 1.77961 -0.0539953 -0.524558 0.851375 0 -0.326818 -0 0 -1 -0.0539953 -0.851375 -0.524558 0 2.86216 0 0 0 1 960 960 
45 2.27534 1.77961 -0.0539953 -0.521567 0.853211 0 -0.331644 -0 0 -1 -0.0539953 -0.853211 -0.521567 0 2.86953 0 0 0 1 960 960 
46 2.28534 1.77961 -0.0539953 -0.518603 0.855015 0 -0.336412 -0 0 -1 -0.0539953 -0.855015 -0.518603 0 2.87691 0 0 0 1 960 960 
47 2.29534 1.77831 -0.057242 -0.515036 0.857168 0 -0.342132 -0 0 -1 -0.057242 -0.857168 -0.515036 0 2.88338 0 0 0 1 960 960 
48 2.30534 1.77831 -0.057242 -0.512128 0.858909 0 -0.346781 -0 0 -1 -0.057242 -0.858909 -0.512128 0 2.8908 0 0 0 1 960 960 
49 2.31534 1.77831 -0.057242 -0.509247 0.86062 0 -0.351373 -0 0 -1 -0.057242 -0.86062 -0.509247 0 2.89823 0 0 0 1 960 960 
50 2.32534 1.77831 -0.057242 -0.506393 0.862303 0 -0.35591 -0 0 -1 -0.057242 -0.862303 -0.506393 0 2.90567 0 0 0 1 960 960 
51 2.33534 1.77701 -0.0604888 -0.502938 0.864323 0 -0.361385 -0 0 -1 -0.0604888 -0.864323 -0.502938 0 2.91221 0 0 0 1 960 960 
52 2.34534 1.77701 -0.0604888 -0.500137 0.865946 0 -0.365809 -0 0 -1 -0.0604888 -0.865946 -0.500137 0 2.91969 0 0 0 1 960 960 
53 2.35534 1.77701 -0.0604888 -0.497362 0.867543 0 -0.370181 -0 0 -1 -0.0604888 -0.867543 -0.497362 0 2.92717 0 0 0 1 960 960 
54 2.36534 1.77701 -0.0604888 -0.494613 0.869113 0 -0.3745 -0 0 -1 -0.0604888 -0.869113 -0.494613 0 2.93468 0 0 0 1 960 960 
55 2.37534 1.77701 -0.0604888 -0.491889 0.870658 0 -0.378768 -0 0 -1 -0.0604888 -0.870658 -0.491889 0 2.9422 0 0 0 1 960 960 
56 2.38534 1.77701 -0.0604888 -0.489191 0.872177 0 -0.382986 -0 0 -1 -0.0604888 -0.872177 -0.489191 0 2.94973 0 0 0 1 960 960 
57 2.39534 1.77701 -0.0604888 -0.486517 0.873671 0 -0.387154 -0 0 -1 -0.0604888 -0.873671 -0.486517 0 2.95728 0 0 0 1 960 960 
58 2.40534 1.77701 -0.0604888 -0.483868 0.875141 0 -0.391273 -0 0 -1 -0.0604888 -0.875141 -0.483868 0 2.96485 0 0 0 1 960 960 
59 2.41534 1.77701 -0.0604888 -0.481243 0.876587 0 -0.395344 -0 0 -1 -0.0604888 -0.876587 -0.481243 0 2.97243 0 0 0 1 960 960 
60 2.42534 1.77701 -0.0604888 -0.478642 0.87801 0 -0.399368 -0 0 -1 -0.0604888 -0.87801 -0.478642 0 2.98002 0 0 0 1 960 960 
61 2.43534 1.77701 -0.0604888 -0.476065 0.87941 0 -0.403345 -0 0 -1 -0.0604888 -0.87941 -0.476065 0 2.98763 0 0 0 1 960 960 
62 2.44534 1.77701 -0.0604888 -0.473512 0.880787 0 -0.407275 -0 0 -1 -0.0604888 -0.880787 -0.473512 0 2.99526 0 0 0 1 960 960 
63 2.45534 1.77701 -0.0604888 -0.470982 0.882143 0 -0.411161 -0 0 -1 -0.0604888 -0.882143 -0.470982 0 3.0029 0 0 0 1 960 960 
64 2.46534 1.77701 -0.0604888 -0.468475 0.883477 0 -0.415002 -0 0 -1 -0.0604888 -0.883477 -0.468475 0 3.01055 0 0 0 1 960 960 
65 2.47534 1.77701 -0.0604888 -0.465991 0.884789 0 -0.418798 -0 0 -1 -0.0604888 -0.884789 -0.465991 0 3.01822 0 0 0 1 960 960 
66 2.48534 1.77701 -0.0604888 -0.46353 0.886081 0 -0.422552 -0 0 -1 -0.0604888 -0.886081 -0.46353 0 3.02591 0 0 0 1 960 960 
67 2.49534 1.77701 -0.0604888 -0.461091 0.887353 0 -0.426262 -0 0 -1 -0.0604888 -0.887353 -0.461091 0 3.03361 0 0 0 1 960 960 
68 2.50534 1.77572 -0.0637355 -0.458068 0.888917 0 -0.430849 -0 0 -1 -0.0637355 -0.888917 -0.458068 0 3.04043 0 0 0 1 960 960 
69 2.51534 1.77442 -0.0669823 -0.45507 0.890456 0 -0.435386 -0 0 -1 -0.0669823 -0.890456 -0.45507 0 3.04728 0 0 0 1 960 960 
70 2.52534 1.77442 -0.0669823 -0.452699 0.891663 0 -0.438964 -0 0 -1 -0.0669823 -0.891663 -0.452699 0 3.05503 0 0 0 1 960 960 
71 2.53534 1.77442 -0.0669823 -0.45035 0.892852 0 -0.442501 -0 0 -1 -0.0669823 -0.892852 -0.45035 0 3.06279 0 0 0 1 960 960 
72 2.54534 1.77442 -0.0669823 -0.448023 0.894022 0 -0.446 -0 0 -1 -0.0669823 -0.894022 -0.448023 0 3.07057 0 0 0 1 960 960 
73 2.55534 1.77442 -0.0669823 -0.445716 0.895175 0 -0.449459 -0 0 -1 -0.0669823 -0.895175 -0.445716 0 3.07836 0 0 0 1 960 960 
74 2.56534 1.77442 -0.0669823 -0.44343 0.896309 0 -0.452879 -0 0 -1 -0.0669823 -0.896309 -0.44343 0 3.08616 0 0 0 1 960 960 
75 2.57534 1.77442 -0.0669823 -0.441164 0.897426 0 -0.456262 -0 0 -1 -0.0669823 -0.897426 -0.441164 0 3.09398 0 0 0 1 960 960 
76 2.58534 1.77442 -0.0669823 -0.438919 0.898527 0 -0.459608 -0 0 -1 -0.0669823 -0.898527 -0.438919 0 3.10182 0 0 0 1 960 960 
77 2.59534 1.77442 -0.0669823 -0.436694 0.89961 0 -0.462917 -0 0 -1 -0.0669823 -0.89961 -0.436694 0 3.10967 0 0 0 1 960 960 
78 2.60534 1.77442 -0.0669823 -0.434488 0.900678 0 -0.466189 -0 0 -1 -0.0669823 -0.900678 -0.434488 0 3.11753 0 0 0 1 960 960 
79 2.61534 1.77442 -0.0669823 -0.432302 0.901729 0 -0.469426 -0 0 -1 -0.0669823 -0.901729 -0.432302 0 3.12541 0 0 0 1 960 960 
80 2.62534 1.77312 -0.070229 -0.429548 0.903044 0 -0.473496 -0 0 -1 -0.070229 -0.903044 -0.429548 0 3.13243 0 0 0 1 960 960 
81 2.63534 1.77312 -0.070229 -0.427402 0.904062 0 -0.47666 -0 0 -1 -0.070229 -0.904062 -0.427402 0 3.14034 0 0 0 1 960 960 
82 2.64534 1.77312 -0.070229 -0.425275 0.905064 0 -0.479789 -0 0 -1 -0.070229 -0.905064 -0.425275 0 3.14826 0 0 0 1 960 960 
83 2.65534 1.77052 -0.0767225 -0.421999 0.906596 0 -0.484597 -0 0 -1 -0.0767225 -0.906596 -0.421999 0 3.15448 0 0 0 1 960 960 
84 2.66534 1.77052 -0.0767225 -0.419913 0.907564 0 -0.487651 -0 0 -1 -0.0767225 -0.907564 -0.419913 0 3.16243 0 0 0 1 960 960 
85 2.67534 1.77052 -0.0767225 -0.417846 0.908518 0 -0.490673 -0 0 -1 -0.0767225 -0.908518 -0.417846 0 3.1704 0 0 0 1 960 960 
86 2.68534 1.77052 -0.0767225 -0.415796 0.909458 0 -0.493662 -0 0 -1 -0.0767225 -0.909458 -0.415796 0 3.17838 0 0 0 1 960 960 
87 2.69534 1.77052 -0.0767225 -0.413764 0.910384 0 -0.49662 -0 0 -1 -0.0767225 -0.910384 -0.413764 0 3.18637 0 0 0 1 960 960 
88 2.70534 1.77052 -0.0767225 -0.41175 0.911297 0 -0.499546 -0 0 -1 -0.0767225 -0.911297 -0.41175 0 3.19438 0 0 0 1 960 960 
89 2.71534 1.77052 -0.0767225 -0.409754 0.912196 0 -0.502442 -0 0 -1 -0.0767225 -0.912196 -0.409754 0 3.2024 0 0 0 1 960 960 
90 2.72534 1.77052 -0.0767225 -0.407775 0.913083 0 -0.505308 -0 0 -1 -0.0767225 -0.913083 -0.407775 0 3.21043 0 0 0 1 960 960 
91 2.73534 1.77052 -0.0767225 -0.405813 0.913956 0 -0.508143 -0 0 -1 -0.0767225 -0.913956 -0.405813 0 3.21848 0 0 0 1 960 960 
92 2.74534 1.76922 -0.0799693 -0.403298 0.915069 0 -0.511771 -0 0 -1 -0.0799693 -0.915069 -0.403298 0 3.22569 0 0 0 1 960 960 
93 2.75534 1.76922 -0.0799693 -0.401371 0.915915 0 -0.514544 -0 0 -1 -0.0799693 -0.915915 -0.401371 0 3.23377 0 0 0 1 960 960 
94 2.76534 1.76922 -0.0799693 -0.399462 0.91675 0 -0.517288 -0 0 -1 -0.0799693 -0.91675 -0.399462 0 3.24186 0 0 0 1 960 960 
95 2.77534 1.76922 -0.0799693 -0.397568 0.917573 0 -0.520005 -0 0 -1 -0.0799693 -0.917573 -0.397568 0 3.24996 0 0 0 1 960 960 
96 2.78534 1.76922 -0.0799693 -0.395691 0.918384 0 -0.522693 -0 0 -1 -0.0799693 -0.918384 -0.395691 0 3.25807 0 0 0 1 960 960 
97 2.79534 1.76922 -0.0799693 -0.393829 0.919184 0 -0.525354 -0 0 -1 -0.0799693 -0.919184 -0.393829 0 3.2662 0 0 0 1 960 960 
98 2.80534 1.77052 -0.0767225 -0.392544 0.919733 0 -0.52719 -0 0 -1 -0.0767225 -0.919733 -0.392544 0 3.27517 0 0 0 1 960 960 
99 2.81534 1.77052 -0.0767225 -0.390712 0.920513 0 -0.529801 -0 0 -1 -0.0767225 -0.920513 -0.390712 0 3.28332 0 0 0 1 960 960 
100 2.82534 1.77052 -0.0767225 -0.388896 0.921282 0 -0.532385 -0 0 -1 -0.0767225 -0.921282 -0.388896 0 3.29148 0 0 0 1 960 960 
101 2.83534 1.77182 -0.0734758 -0.38765 0.921807 0 -0.534157 -0 0 -1 -0.0734758 -0.921807 -0.38765 0 3.30048 0 0 0 1 960 960 
102 2.84534 1.77182 -0.0734758 -0.385863 0.922556 0 -0.536693 -0 0 -1 -0.0734758 -0.922556 -0.385863 0 3.30866 0 0 0 1 960 960 
103 2.85534 1.77182 -0.0734758 -0.384091 0.923295 0 -0.539205 -0 0 -1 -0.0734758 -0.923295 -0.384091 0 3.31686 0 0 0 1 960 960 
104 2.86534 1.77182 -0.0734758 -0.382333 0.924025 0 -0.541691 -0 0 -1 -0.0734758 -0.924025 -0.382333 0 3.32507 0 0 0 1 960 960 
105 2.87534 1.77182 -0.0734758 -0.38059 0.924744 0 -0.544153 -0 0 -1 -0.0734758 -0.924744 -0.38059 0 3.33329 0 0 0 1 960 960 
106 2.88534 1.77182 -0.0734758 -0.378862 0.925453 0 -0.546591 -0 0 -1 -0.0734758 -0.925453 -0.378862 0 3.34152 0 0 0 1 960 960 
107 2.89534 1.77182 -0.0734758 -0.377148 0.926153 0 -0.549005 -0 0 -1 -0.0734758 -0.926153 -0.377148 0 3.34976 0 0 0 1 960 960 
108 2.90534 1.77182 -0.0734758 -0.375448 0.926843 0 -0.551395 -0 0 -1 -0.0734758 -0.926843 -0.375448 0 3.35802 0 0 0 1 960 960 
109 2.91534 1.77182 -0.0734758 -0.373763 0.927524 0 -0.553762 -0 0 -1 -0.0734758 -0.927524 -0.373763 0 3.36628 0 0 0 1 960 960 
110 2.92534 1.77312 -0.070229 -0.37263 0.92798 0 -0.55535 -0 0 -1 -0.070229 -0.92798 -0.37263 0 3.37537 0 0 0 1 960 960 
111 2.93534 1.77312 -0.070229 -0.37097 0.928645 0 -0.557675 -0 0 -1 -0.070229 -0.928645 -0.37097 0 3.38366 0 0 0 1 960 960 
112 2.94534 1.77572 -0.0637355 -0.370395 0.928874 0 -0.55848 -0 0 -1 -0.0637355 -0.928874 -0.370395 0 3.39356 0 0 0 1 960 960 
113 2.95534 1.77572 -0.0637355 -0.368758 0.929525 0 -0.560767 -0 0 -1 -0.0637355 -0.929525 -0.368758 0 3.40187 0 0 0 1 960 960 
114 2.96534 1.77701 -0.0604888 -0.367667 0.929957 0 -0.56229 -0 0 -1 -0.0604888 -0.929957 -0.367667 0 3.41099 0 0 0 1 960 960 
115 2.97534 1.77701 -0.0604888 -0.366056 0.930593 0 -0.564537 -0 0 -1 -0.0604888 -0.930593 -0.366056 0 3.41931 0 0 0 1 960 960 
116 2.98534 1.77701 -0.0604888 -0.364458 0.93122 0 -0.566762 -0 0 -1 -0.0604888 -0.93122 -0.364458 0 3.42765 0 0 0 1 960 960 
117 2.99534 1.77701 -0.0604888 -0.362872 0.931839 0 -0.568967 -0 0 -1 -0.0604888 -0.931839 -0.362872 0 3.436 0 0 0 1 960 960 
118 3.00534 1.77701 -0.0604888 -0.361299 0.93245 0 -0.571151 -0 0 -1 -0.0604888 -0.93245 -0.361299 0 3.44436 0 0 0 1 960 960 
119 3.01534 1.77831 -0.057242 -0.360262 0.932851 0 -0.572589 -0 0 -1 -0.057242 -0.932851 -0.360262 0 3.45352 0 0 0 1 960 960 
120 3.02534 1.77831 -0.057242 -0.358713 0.933448 0 -0.574735 -0 0 -1 -0.057242 -0.933448 -0.358713 0 3.4619 0 0 0 1 960 960 
121 3.03534 1.77831 -0.057242 -0.357176 0.934037 0 -0.576861 -0 0 -1 -0.057242 -0.934037 -0.357176 0 3.47029 0 0 0 1 960 960 
122 3.04534 1.77831 -0.057242 -0.355651 0.934619 0 -0.578968 -0 0 -1 -0.057242 -0.934619 -0.355651 0 3.47869 0 0 0 1 960 960 
123 3.05534 1.77961 -0.0539953 -0.354655 0.934997 0 -0.580343 -0 0 -1 -0.0539953 -0.934997 -0.354655 0 3.48788 0 0 0 1 960 960 
124 3.06534 1.77961 -0.0539953 -0.353152 0.935566 0 -0.582414 -0 0 -1 -0.0539953 -0.935566 -0.353152 0 3.4963 0 0 0 1 960 960 
125 3.07534 1.77961 -0.0539953 -0.351661 0.936127 0 -0.584466 -0 0 -1 -0.0539953 -0.936127 -0.351661 0 3.50473 0 0 0 1 960 960 
126 3.08534 1.77961 -0.0539953 -0.350182 0.936682 0 -0.586499 -0 0 -1 -0.0539953 -0.936682 -0.350182 0 3.51317 0 0 0 1 960 960 
127 3.09534 1.77961 -0.0539953 -0.348715 0.937229 0 -0.588514 -0 0 -1 -0.0539953 -0.937229 -0.348715 0 3.52162 0 0 0 1 960 960 
128 3.10534 1.77961 -0.0539953 -0.347258 0.937769 0 -0.590511 -0 0 -1 -0.0539953 -0.937769 -0.347258 0 3.53007 0 0 0 1 960 960 
129 3.11534 1.77961 -0.0539953 -0.345814 0.938303 0 -0.59249 -0 0 -1 -0.0539953 -0.938303 -0.345814 0 3.53854 0 0 0 1 960 960 
130 3.12534 1.77961 -0.0539953 -0.34438 0.93883 0 -0.594451 -0 0 -1 -0.0539953 -0.93883 -0.34438 0 3.54702 0 0 0 1 960 960 
131 3.13534 1.78091 -0.0507485 -0.343461 0.939167 0 -0.595706 -0 0 -1 -0.0507485 -0.939167 -0.343461 0 3.55628 0 0 0 1 960 960 
132 3.14534 1.78091 -0.0507485 -0.342048 0.939683 0 -0.597635 -0 0 -1 -0.0507485 -0.939683 -0.342048 0 3.56477 0 0 0 1 960 960 
133 3.15534 1.78351 -0.044255 -0.341646 0.939829 0 -0.598182 -0 0 -1 -0.044255 -0.939829 -0.341646 0 3.5748 0 0 0 1 960 960 
134 3.16534 1.78351 -0.044255 -0.340252 0.940334 0 -0.600083 -0 0 -1 -0.044255 -0.940334 -0.340252 0 3.58332 0 0 0 1 960 960 
135 3.17534 1.78351 -0.044255 -0.338867 0.940834 0 -0.601967 -0 0 -1 -0.044255 -0.940834 -0.338867 0 3.59184 0 0 0 1 960 960 
136 3.18534 1.78481 -0.0410082 -0.337989 0.94115 0 -0.603161 -0 0 -1 -0.0410082 -0.94115 -0.337989 0 3.60112 0 0 0 1 960 960 
137 3.19534 1.78481 -0.0410082 -0.336625 0.941639 0 -0.605014 -0 0 -1 -0.0410082 -0.941639 -0.336625 0 3.60966 0 0 0 1 960 960 
138 3.20534 1.78481 -0.0410082 -0.33527 0.942122 0 -0.606852 -0 0 -1 -0.0410082 -0.942122 -0.33527 0 3.61821 0 0 0 1 960 960 
139 3.21534 1.78481 -0.0410082 -0.333926 0.942599 0 -0.608674 -0 0 -1 -0.0410082 -0.942599 -0.333926 0 3.62677 0 0 0 1 960 960 
140 3.22534 1.78481 -0.0410082 -0.332591 0.943071 0 -0.61048 -0 0 -1 -0.0410082 -0.943071 -0.332591 0 3.63533 0 0 0 1 960 960 
141 3.23534 1.78481 -0.0410082 -0.331267 0.943537 0 -0.61227 -0 0 -1 -0.0410082 -0.943537 -0.331267 0 3.64391 0 0 0 1 960 960 
142 3.24534 1.78481 -0.0410082 -0.329953 0.943997 0 -0.614045 -0 0 -1 -0.0410082 -0.943997 -0.329953 0 3.65249 0 0 0 1 960 960 
143 3.25534 1.78481 -0.0410082 -0.328648 0.944452 0 -0.615804 -0 0 -1 -0.0410082 -0.944452 -0.328648 0 3.66108 0 0 0 1 960 960 
144 3.26534 1.78481 -0.0410082 -0.327353 0.944902 0 -0.617549 -0 0 -1 -0.0410082 -0.944902 -0.327353 0 3.66968 0 0 0 1 960 960 
145 3.27534 1.7861 -0.0377615 -0.32655 0.94518 0 -0.61863 -0 0 -1 -0.0377615 -0.94518 -0.32655 0 3.67903 0 0 0 1 960 960 
146 3.28534 1.7874 -0.0345147 -0.325753 0.945455 0 -0.619702 -0 0 -1 -0.0345147 -0.945455 -0.325753 0 3.68839 0 0 0 1 960 960 
147 3.29534 1.7887 -0.031268 -0.324962 0.945727 0 -0.620765 -0 0 -1 -0.031268 -0.945727 -0.324962 0 3.69775 0 0 0 1 960 960 
148 3.30534 1.7887 -0.031268 -0.3237 0.94616 0 -0.622459 -0 0 -1 -0.031268 -0.94616 -0.3237 0 3.70638 0 0 0 1 960 960 
149 3.31534 1.79 -0.0280212 -0.322924 0.946425 0 -0.623501 -0 0 -1 -0.0280212 -0.946425 -0.322924 0 3.71575 0 0 0 1 960 960 
150 3.32534 1.7913 -0.0247745 -0.322153 0.946688 0 -0.624535 -0 0 -1 -0.0247745 -0.946688 -0.322153 0 3.72513 0 0 0 1 960 960 
151 3.33534 1.7913 -0.0247745 -0.320916 0.947108 0 -0.626192 -0 0 -1 -0.0247745 -0.947108 -0.320916 0 3.73378 0 0 0 1 960 960 
152 3.34534 1.7926 -0.0215277 -0.320158 0.947364 0 -0.627206 -0 0 -1 -0.0215277 -0.947364 -0.320158 0 3.74317 0 0 0 1 960 960 
153 3.35534 1.7926 -0.0215277 -0.318938 0.947776 0 -0.628838 -0 0 -1 -0.0215277 -0.947776 -0.318938 0 3.75183 0 0 0 1 960 960 
154 3.36534 1.7926 -0.0215277 -0.317726 0.948183 0 -0.630457 -0 0 -1 -0.0215277 -0.948183 -0.317726 0 3.76051 0 0 0 1 960 960 
155 3.37534 1.7926 -0.0215277 -0.316522 0.948585 0 -0.632063 -0 0 -1 -0.0215277 -0.948585 -0.316522 0 3.76919 0 0 0 1 960 960 
156 3.38534 1.7926 -0.0215277 -0.315328 0.948983 0 -0.633655 -0 0 -1 -0.0215277 -0.948983 -0.315328 0 3.77788 0 0 0 1 960 960 
157 3.39534 1.7926 -0.0215277 -0.314141 0.949376 0 -0.635235 -0 0 -1 -0.0215277 -0.949376 -0.314141 0 3.78658 0 0 0 1 960 960 
158 3.40534 1.7926 -0.0215277 -0.312963 0.949765 0 -0.636802 -0 0 -1 -0.0215277 -0.949765 -0.312963 0 3.79529 0 0 0 1 960 960 
159 3.41534 1.7926 -0.0215277 -0.311794 0.95015 0 -0.638356 -0 0 -1 -0.0215277 -0.95015 -0.311794 0 3.804 0 0 0 1 960 960 
160 3.42534 1.7926 -0.0215277 -0.310633 0.95053 0 -0.639897 -0 0 -1 -0.0215277 -0.95053 -0.310633 0 3.81272 0 0 0 1 960 960 
161 3.43534 1.7926 -0.0215277 -0.30948 0.950906 0 -0.641427 -0 0 -1 -0.0215277 -0.950906 -0.30948 0 3.82145 0 0 0 1 960 960 
162 3.44534 1.7926 -0.0215277 -0.308334 0.951278 0 -0.642944 -0 0 -1 -0.0215277 -0.951278 -0.308334 0 3.83019 0 0 0 1 960 960 
163 3.45534 1.7926 -0.0215277 -0.307197 0.951646 0 -0.644448 -0 0 -1 -0.0215277 -0.951646 -0.307197 0 3.83894 0 0 0 1 960 960 
164 3.46534 1.7926 -0.0215277 -0.306068 0.95201 0 -0.645941 -0 0 -1 -0.0215277 -0.95201 -0.306068 0 3.84769 0 0 0 1 960 960 
165 3.47534 1.7913 -0.0247745 -0.304494 0.952514 0 -0.648021 -0 0 -1 -0.0247745 -0.952514 -0.304494 0 3.85575 0 0 0 1 960 960 
166 3.48534 1.7913 -0.0247745 -0.303381 0.952869 0 -0.649488 -0 0 -1 -0.0247745 -0.952869 -0.303381 0 3.86452 0 0 0 1 960 960 
167 3.49534 1.7913 -0.0247745 -0.302277 0.95322 0 -0.650943 -0 0 -1 -0.0247745 -0.95322 -0.302277 0 3.87329 0 0 0 1 960 960 
168 3.50534 1.79 -0.0280212 -0.300731 0.953709 0 -0.652979 -0 0 -1 -0.0280212 -0.953709 -0.300731 0 3.88138 0 0 0 1 960 960 
169 3.51534 1.79 -0.0280212 -0.299642 0.954052 0 -0.654409 -0 0 -1 -0.0280212 -0.954052 -0.299642 0 3.89017 0 0 0 1 960 960 
170 3.52534 1.79 -0.0280212 -0.298562 0.95439 0 -0.655828 -0 0 -1 -0.0280212 -0.95439 -0.298562 0 3.89897 0 0 0 1 960 960 
171 3.53534 1.79 -0.0280212 -0.297489 0.954725 0 -0.657237 -0 0 -1 -0.0280212 -0.954725 -0.297489 0 3.90778 0 0 0 1 960 960 
172 3.54534 1.79 -0.0280212 -0.296423 0.955057 0 -0.658634 -0 0 -1 -0.0280212 -0.955057 -0.296423 0 3.91659 0 0 0 1 960 960 
173 3.55534 1.79 -0.0280212 -0.295364 0.955385 0 -0.660021 -0 0 -1 -0.0280212 -0.955385 -0.295364 0 3.92542 0 0 0 1 960 960 
174 3.56534 1.79 -0.0280212 -0.294313 0.955709 0 -0.661396 -0 0 -1 -0.0280212 -0.955709 -0.294313 0 3.93424 0 0 0 1 960 960 
175 3.57534 1.7887 -0.031268 -0.292828 0.956165 0 -0.663338 -0 0 -1 -0.031268 -0.956165 -0.292828 0 3.94239 0 0 0 1 960 960 
176 3.58534 1.7887 -0.031268 -0.291792 0.956482 0 -0.66469 -0 0 -1 -0.031268 -0.956482 -0.291792 0 3.95124 0 0 0 1 960 960 
177 3.59534 1.7874 -0.0345147 -0.290324 0.956928 0 -0.666604 -0 0 -1 -0.0345147 -0.956928 -0.290324 0 3.95941 0 0 0 1 960 960 
178 3.60534 1.7874 -0.0345147 -0.289303 0.957237 0 -0.667934 -0 0 -1 -0.0345147 -0.957237 -0.289303 0 3.96826 0 0 0 1 960 960 
179 3.61534 1.7874 -0.0345147 -0.288289 0.957543 0 -0.669254 -0 0 -1 -0.0345147 -0.957543 -0.288289 0 3.97713 0 0 0 1 960 960 
180 3.62534 1.7874 -0.0345147 -0.287282 0.957846 0 -0.670564 -0 0 -1 -0.0345147 -0.957846 -0.287282 0 3.986 0 0 0 1 960 960 
181 3.63534 1.7874 -0.0345147 -0.286281 0.958146 0 -0.671864 -0 0 -1 -0.0345147 -0.958146 -0.286281 0 3.99488 0 0 0 1 960 960 
182 3.64534 1.7861 -0.0377615 -0.284855 0.958571 0 -0.673716 -0 0 -1 -0.0377615 -0.958571 -0.284855 0 4.00309 0 0 0 1 960 960 
183 3.65534 1.7861 -0.0377615 -0.283869 0.958863 0 -0.674994 -0 0 -1 -0.0377615 -0.958863 -0.283869 0 4.01199 0 0 0 1 960 960 
184 3.66534 1.78481 -0.0410082 -0.282459 0.959279 0 -0.67682 -0 0 -1 -0.0410082 -0.959279 -0.282459 0 4.02022 0 0 0 1 960 960 
185 3.67534 1.78481 -0.0410082 -0.281487 0.959565 0 -0.678078 -0 0 -1 -0.0410082 -0.959565 -0.281487 0 4.02912 0 0 0 1 960 960 
186 3.68534 1.78481 -0.0410082 -0.280521 0.959848 0 -0.679326 -0 0 -1 -0.0410082 -0.959848 -0.280521 0 4.03804 0 0 0 1 960 960 
187 3.69534 1.78481 -0.0410082 -0.279562 0.960128 0 -0.680565 -0 0 -1 -0.0410082 -0.960128 -0.279562 0 4.04696 0 0 0 1 960 960 
188 3.70534 1.78481 -0.0410082 -0.278609 0.960405 0 -0.681795 -0 0 -1 -0.0410082 -0.960405 -0.278609 0 4.05588 0 0 0 1 960 960 
189 3.71534 1.78481 -0.0410082 -0.277662 0.960679 0 -0.683016 -0 0 -1 -0.0410082 -0.960679 -0.277662 0 4.06482 0 0 0 1 960 960 
190 3.72534 1.78481 -0.0410082 -0.276722 0.96095 0 -0.684228 -0 0 -1 -0.0410082 -0.96095 -0.276722 0 4.07376 0 0 0 1 960 960 
191 3.73534 1.78351 -0.044255 -0.275365 0.96134 0 -0.685974 -0 0 -1 -0.044255 -0.96134 -0.275365 0 4.08204 0 0 0 1 960 960 
192 3.74534 1.78351 -0.044255 -0.274438 0.961605 0 -0.687167 -0 0 -1 -0.044255 -0.961605 -0.274438 0 4.091 0 0 0 1 960 960 
193 3.75534 1.78221 -0.0475018 -0.273097 0.961986 0 -0.688889 -0 0 -1 -0.0475018 -0.961986 -0.273097 0 4.0993 0 0 0 1 960 960 
194 3.76534 1.78221 -0.0475018 -0.272183 0.962246 0 -0.690063 -0 0 -1 -0.0475018 -0.962246 -0.272183 0 4.10826 0 0 0 1 960 960 
195 3.77534 1.78221 -0.0475018 -0.271274 0.962502 0 -0.691228 -0 0 -1 -0.0475018 -0.962502 -0.271274 0 4.11724 0 0 0 1 960 960 
196 3.78534 1.78221 -0.0475018 -0.270372 0.962756 0 -0.692384 -0 0 -1 -0.0475018 -0.962756 -0.270372 0 4.12621 0 0 0 1 960 960 
197 3.79534 1.78221 -0.0475018 -0.269475 0.963007 0 -0.693533 -0 0 -1 -0.0475018 -0.963007 -0.269475 0 4.1352 0 0 0 1 960 960 
198 3.80534 1.78221 -0.0475018 -0.268584 0.963256 0 -0.694673 -0 0 -1 -0.0475018 -0.963256 -0.268584 0 4.14419 0 0 0 1 960 960 
199 3.81534 1.78221 -0.0475018 -0.267698 0.963503 0 -0.695805 -0 0 -1 -0.0475018 -0.963503 -0.267698 0 4.15318 0 0 0 1 960 960 
200 3.82534 1.78221 -0.0475018 -0.266818 0.963747 0 -0.696929 -0 0 -1 -0.0475018 -0.963747 -0.266818 0 4.16218 0 0 0 1 960 960 
201 3.83534 1.78221 -0.0475018 -0.265944 0.963989 0 -0.698045 -0 0 -1 -0.0475018 -0.963989 -0.265944 0 4.17119 0 0 0 1 960 960 
202 3.84534 1.78221 -0.0475018 -0.265075 0.964228 0 -0.699153 -0 0 -1 -0.0475018 -0.964228 -0.265075 0 4.1802 0 0 0 1 960 960 
203 3.85534 1.78221 -0.0475018 -0.264212 0.964465 0 -0.700253 -0 0 -1 -0.0475018 -0.964465 -0.264212 0 4.18922 0 0 0 1 960 960 
204 3.86534 1.78221 -0.0475018 -0.263353 0.964699 0 -0.701346 -0 0 -1 -0.0475018 -0.964699 -0.263353 0 4.19824 0 0 0 1 960 960 
205 3.87534 1.78221 -0.0475018 -0.262501 0.964932 0 -0.702431 -0 0 -1 -0.0475018 -0.964932 -0.262501 0 4.20727 0 0 0 1 960 960 
206 3.88534 1.78221 -0.0475018 -0.261653 0.965162 0 -0.703508 -0 0 -1 -0.0475018 -0.965162 -0.261653 0 4.2163 0 0 0 1 960 960 
207 3.89534 1.78221 -0.0475018 -0.260811 0.96539 0 -0.704579 -0 0 -1 -0.0475018 -0.96539 -0.260811 0 4.22534 0 0 0 1 960 960 
208 3.90534 1.78221 -0.0475018 -0.259974 0.965616 0 -0.705641 -0 0 -1 -0.0475018 -0.965616 -0.259974 0 4.23438 0 0 0 1 960 960 
209 3.91534 1.78221 -0.0475018 -0.259143 0.965839 0 -0.706697 -0 0 -1 -0.0475018 -0.965839 -0.259143 0 4.24343 0 0 0 1 960 960 
210 3.92534 1.78221 -0.0475018 -0.258316 0.966061 0 -0.707745 -0 0 -1 -0.0475018 -0.966061 -0.258316 0 4.25248 0 0 0 1 960 960 
211 3.93534 1.78221 -0.0475018 -0.257494 0.96628 0 -0.708785 -0 0 -1 -0.0475018 -0.96628 -0.257494 0 4.26154 0 0 0 1 960 960 
212 3.94534 1.78221 -0.0475018 -0.256678 0.966497 0 -0.709819 -0 0 -1 -0.0475018 -0.966497 -0.256678 0 4.27061 0 0 0 1 960 960 
213 3.95534 1.78221 -0.0475018 -0.255866 0.966712 0 -0.710846 -0 0 -1 -0.0475018 -0.966712 -0.255866 0 4.27968 0 0 0 1 960 960 
214 3.96534 1.78221 -0.0475018 -0.25506 0.966925 0 -0.711866 -0 0 -1 -0.0475018 -0.966925 -0.25506 0 4.28875 0 0 0 1 960 960 
215 3.97534 1.78351 -0.044255 -0.254653 0.967033 0 -0.71238 -0 0 -1 -0.044255 -0.967033 -0.254653 0 4.29845 0 0 0 1 960 960 
216 3.98534 1.78481 -0.0410082 -0.254248 0.967139 0 -0.712891 -0 0 -1 -0.0410082 -0.967139 -0.254248 0 4.30816 0 0 0 1 960 960 
217 3.99534 1.78481 -0.0410082 -0.253454 0.967347 0 -0.713893 -0 0 -1 -0.0410082 -0.967347 -0.253454 0 4.31724 0 0 0 1 960 960 
218 4.00534 1.78481 -0.0410082 -0.252665 0.967554 0 -0.714889 -0 0 -1 -0.0410082 -0.967554 -0.252665 0 4.32634 0 0 0 1 960 960 
219 4.01534 1.78481 -0.0410082 -0.25188 0.967758 0 -0.715879 -0 0 -1 -0.0410082 -0.967758 -0.25188 0 4.33543 0 0 0 1 960 960 
220 4.02534 1.7861 -0.0377615 -0.251489 0.96786 0 -0.716371 -0 0 -1 -0.0377615 -0.96786 -0.251489 0 4.34515 0 0 0 1 960 960 
221 4.03534 1.7861 -0.0377615 -0.250713 0.968062 0 -0.717349 -0 0 -1 -0.0377615 -0.968062 -0.250713 0 4.35425 0 0 0 1 960 960 
222 4.04534 1.7861 -0.0377615 -0.249941 0.968261 0 -0.71832 -0 0 -1 -0.0377615 -0.968261 -0.249941 0 4.36336 0 0 0 1 960 960 
223 4.05534 1.7874 -0.0345147 -0.24956 0.968359 0 -0.718799 -0 0 -1 -0.0345147 -0.968359 -0.24956 0 4.37309 0 0 0 1 960 960 
224 4.06534 1.7887 -0.031268 -0.249181 0.968457 0 -0.719276 -0 0 -1 -0.031268 -0.968457 -0.249181 0 4.38281 0 0 0 1 960 960 
225 4.07534 1.7887 -0.031268 -0.248421 0.968652 0 -0.720231 -0 0 -1 -0.031268 -0.968652 -0.248421 0 4.39193 0 0 0 1 960 960 
226 4.08534 1.7887 -0.031268 -0.247665 0.968846 0 -0.72118 -0 0 -1 -0.031268 -0.968846 -0.247665 0 4.40106 0 0 0 1 960 960 
227 4.09534 1.7887 -0.031268 -0.246914 0.969037 0 -0.722123 -0 0 -1 -0.031268 -0.969037 -0.246914 0 4.41019 0 0 0 1 960 960 
228 4.10534 1.7887 -0.031268 -0.246167 0.969227 0 -0.72306 -0 0 -1 -0.031268 -0.969227 -0.246167 0 4.41932 0 0 0 1 960 960 
229 4.11534 1.7887 -0.031268 -0.245425 0.969416 0 -0.723991 -0 0 -1 -0.031268 -0.969416 -0.245425 0 4.42846 0 0 0 1 960 960 
230 4.12534 1.7887 -0.031268 -0.244686 0.969602 0 -0.724916 -0 0 -1 -0.031268 -0.969602 -0.244686 0 4.43761 0 0 0 1 960 960 
231 4.13534 1.7887 -0.031268 -0.243953 0.969787 0 -0.725835 -0 0 -1 -0.031268 -0.969787 -0.243953 0 4.44675 0 0 0 1 960 960 
232 4.14534 1.7887 -0.031268 -0.243223 0.96997 0 -0.726748 -0 0 -1 -0.031268 -0.96997 -0.243223 0 4.45591 0 0 0 1 960 960 
233 4.15534 1.7874 -0.0345147 -0.242122 0.970246 0 -0.728124 -0 0 -1 -0.0345147 -0.970246 -0.242122 0 4.46447 0 0 0 1 960 960 
234 4.16534 1.7874 -0.0345147 -0.241401 0.970425 0 -0.729024 -0 0 -1 -0.0345147 -0.970425 -0.241401 0 4.47363 0 0 0 1 960 960 
235 4.17534 1.7874 -0.0345147 -0.240685 0.970603 0 -0.729918 -0 0 -1 -0.0345147 -0.970603 -0.240685 0 4.4828 0 0 0 1 960 960 
236 4.18534 1.7874 -0.0345147 -0.239973 0.97078 0 -0.730806 -0 0 -1 -0.0345147 -0.97078 -0.239973 0 4.49197 0 0 0 1 960 960 
237 4.19534 1.7874 -0.0345147 -0.239265 0.970954 0 -0.731689 -0 0 -1 -0.0345147 -0.970954 -0.239265 0 4.50114 0 0 0 1 960 960 
238 4.20534 1.7874 -0.0345147 -0.238561 0.971127 0 -0.732566 -0 0 -1 -0.0345147 -0.971127 -0.238561 0 4.51032 0 0 0 1 960 960 
239 4.21534 1.7874 -0.0345147 -0.237861 0.971299 0 -0.733438 -0 0 -1 -0.0345147 -0.971299 -0.237861 0 4.51951 0 0 0 1 960 960 
240 4.22534 1.7874 -0.0345147 -0.237165 0.971469 0 -0.734304 -0 0 -1 -0.0345147 -0.971469 -0.237165 0 4.52869 0 0 0 1 960 960 
241 4.23534 1.7874 -0.0345147 -0.236473 0.971638 0 -0.735164 -0 0 -1 -0.0345147 -0.971638 -0.236473 0 4.53789 0 0 0 1 960 960 
242 4.24534 1.7874 -0.0345147 -0.235785 0.971805 0 -0.73602 -0 0 -1 -0.0345147 -0.971805 -0.235785 0 4.54708 0 0 0 1 960 960 
243 4.25534 1.7874 -0.0345147 -0.235101 0.971971 0 -0.73687 -0 0 -1 -0.0345147 -0.971971 -0.235101 0 4.55628 0 0 0 1 960 960 
244 4.26534 1.7874 -0.0345147 -0.234421 0.972135 0 -0.737714 -0 0 -1 -0.0345147 -0.972135 -0.234421 0 4.56549 0 0 0 1 960 960 
245 4.27534 1.7874 -0.0345147 -0.233744 0.972298 0 -0.738554 -0 0 -1 -0.0345147 -0.972298 -0.233744 0 4.5747 0 0 0 1 960 960 
246 4.28534 1.7874 -0.0345147 -0.233071 0.97246 0 -0.739388 -0 0 -1 -0.0345147 -0.97246 -0.233071 0 4.58391 0 0 0 1 960 960 
247 4.29534 1.7874 -0.0345147 -0.232402 0.97262 0 -0.740217 -0 0 -1 -0.0345147 -0.97262 -0.232402 0 4.59313 0 0 0 1 960 960 
248 4.30534 1.7874 -0.0345147 -0.231737 0.972778 0 -0.741041 -0 0 -1 -0.0345147 -0.972778 -0.231737 0 4.60235 0 0 0 1 960 960 
249 4.31534 1.7874 -0.0345147 -0.231076 0.972936 0 -0.74186 -0 0 -1 -0.0345147 -0.972936 -0.231076 0 4.61157 0 0 0 1 960 960 
250 4.32534 1.7874 -0.0345147 -0.230418 0.973092 0 -0.742674 -0 0 -1 -0.0345147 -0.973092 -0.230418 0 4.6208 0 0 0 1 960 960 
251 4.33534 1.7874 -0.0345147 -0.229763 0.973247 0 -0.743483 -0 0 -1 -0.0345147 -0.973247 -0.229763 0 4.63003 0 0 0 1 960 960 
252 4.34534 1.7874 -0.0345147 -0.229113 0.9734 0 -0.744287 -0 0 -1 -0.0345147 -0.9734 -0.229113 0 4.63927 0 0 0 1 960 960 
253 4.35534 1.7874 -0.0345147 -0.228465 0.973552 0 -0.745087 -0 0 -1 -0.0345147 -0.973552 -0.228465 0 4.64851 0 0 0 1 960 960 
254 4.36534 1.7874 -0.0345147 -0.227822 0.973703 0 -0.745881 -0 0 -1 -0.0345147 -0.973703 -0.227822 0 4.65775 0 0 0 1 960 960 
255 4.37534 1.7874 -0.0345147 -0.227182 0.973852 0 -0.746671 -0 0 -1 -0.0345147 -0.973852 -0.227182 0 4.667 0 0 0 1 960 960 
256 4.38534 1.7874 -0.0345147 -0.226545 0.974001 0 -0.747455 -0 0 -1 -0.0345147 -0.974001 -0.226545 0 4.67625 0 0 0 1 960 960 
257 4.39534 1.7874 -0.0345147 -0.225912 0.974148 0 -0.748236 -0 0 -1 -0.0345147 -0.974148 -0.225912 0 4.6855 0 0 0 1 960 960 
258 4.40534 1.7874 -0.0345147 -0.225282 0.974294 0 -0.749011 -0 0 -1 -0.0345147 -0.974294 -0.225282 0 4.69476 0 0 0 1 960 960 
259 4.41534 1.7874 -0.0345147 -0.224656 0.974438 0 -0.749782 -0 0 -1 -0.0345147 -0.974438 -0.224656 0 4.70402 0 0 0 1 960 960 
260 4.42534 1.7874 -0.0345147 -0.224033 0.974582 0 -0.750548 -0 0 -1 -0.0345147 -0.974582 -0.224033 0 4.71329 0 0 0 1 960 960 
261 4.43534 1.7874 -0.0345147 -0.223414 0.974724 0 -0.75131 -0 0 -1 -0.0345147 -0.974724 -0.223414 0 4.72256 0 0 0 1 960 960 
262 4.44534 1.7874 -0.0345147 -0.222797 0.974865 0 -0.752067 -0 0 -1 -0.0345147 -0.974865 -0.222797 0 4.73183 0 0 0 1 960 960 
263 4.45534 1.7887 -0.031268 -0.222533 0.974925 0 -0.752392 -0 0 -1 -0.031268 -0.974925 -0.222533 0 4.74166 0 0 0 1 960 960 
264 4.46534 1.7887 -0.031268 -0.221922 0.975064 0 -0.753142 -0 0 -1 -0.031268 -0.975064 -0.221922 0 4.75094 0 0 0 1 960 960 
265 4.47534 1.7887 -0.031268 -0.221315 0.975202 0 -0.753887 -0 0 -1 -0.031268 -0.975202 -0.221315 0 4.76022 0 0 0 1 960 960 
266 4.48534 1.7874 -0.0345147 -0.220365 0.975417 0 -0.755052 -0 0 -1 -0.0345147 -0.975417 -0.220365 0 4.76896 0 0 0 1 960 960 
267 4.49534 1.7874 -0.0345147 -0.219765 0.975553 0 -0.755787 -0 0 -1 -0.0345147 -0.975553 -0.219765 0 4.77825 0 0 0 1 960 960 
268 4.50534 1.7874 -0.0345147 -0.219169 0.975687 0 -0.756518 -0 0 -1 -0.0345147 -0.975687 -0.219169 0 4.78754 0 0 0 1 960 960 
269 4.51534 1.7874 -0.0345147 -0.218575 0.97582 0 -0.757245 -0 0 -1 -0.0345147 -0.97582 -0.218575 0 4.79684 0 0 0 1 960 960 
270 4.52534 1.7861 -0.0377615 -0.217642 0.976029 0 -0.758387 -0 0 -1 -0.0377615 -0.976029 -0.217642 0 4.80559 0 0 0 1 960 960 
271 4.53534 1.7861 -0.0377615 -0.217055 0.976159 0 -0.759104 -0 0 -1 -0.0377615 -0.976159 -0.217055 0 4.81489 0 0 0 1 960 960 
272 4.54534 1.7861 -0.0377615 -0.216472 0.976289 0 -0.759817 -0 0 -1 -0.0377615 -0.976289 -0.216472 0 4.8242 0 0 0 1 960 960 
273 4.55534 1.7861 -0.0377615 -0.215891 0.976417 0 -0.760526 -0 0 -1 -0.0377615 -0.976417 -0.215891 0 4.83351 0 0 0 1 960 960 
274 4.56534 1.7861 -0.0377615 -0.215314 0.976545 0 -0.761231 -0 0 -1 -0.0377615 -0.976545 -0.215314 0 4.84283 0 0 0 1 960 960 
275 4.57534 1.78481 -0.0410082 -0.214401 0.976746 0 -0.762345 -0 0 -1 -0.0410082 -0.976746 -0.214401 0 4.8516 0 0 0 1 960 960 
276 4.58534 1.78481 -0.0410082 -0.21383 0.976871 0 -0.76304 -0 0 -1 -0.0410082 -0.976871 -0.21383 0 4.86093 0 0 0 1 960 960 
277 4.59534 1.78481 -0.0410082 -0.213263 0.976995 0 -0.763732 -0 0 -1 -0.0410082 -0.976995 -0.213263 0 4.87025 0 0 0 1 960 960 
278 4.60534 1.78481 -0.0410082 -0.212698 0.977118 0 -0.76442 -0 0 -1 -0.0410082 -0.977118 -0.212698 0 4.87958 0 0 0 1 960 960 
279 4.61534 1.78351 -0.044255 -0.211801 0.977313 0 -0.765512 -0 0 -1 -0.044255 -0.977313 -0.211801 0 4.88838 0 0 0 1 960 960 
280 4.62534 1.78351 -0.044255 -0.211243 0.977434 0 -0.766191 -0 0 -1 -0.044255 -0.977434 -0.211243 0 4.89771 0 0 0 1 960 960 
281 4.63534 1.78351 -0.044255 -0.210688 0.977553 0 -0.766866 -0 0 -1 -0.044255 -0.977553 -0.210688 0 4.90705 0 0 0 1 960 960 
282 4.64534 1.78351 -0.044255 -0.210135 0.977672 0 -0.767537 -0 0 -1 -0.044255 -0.977672 -0.210135 0 4.91639 0 0 0 1 960 960 
283 4.65534 1.78351 -0.044255 -0.209586 0.97779 0 -0.768205 -0 0 -1 -0.044255 -0.97779 -0.209586 0 4.92574 0 0 0 1 960 960 
284 4.66534 1.78221 -0.0475018 -0.208707 0.977978 0 -0.769271 -0 0 -1 -0.0475018 -0.977978 -0.208707 0 4.93456 0 0 0 1 960 960 
285 4.67534 1.78221 -0.0475018 -0.208164 0.978094 0 -0.76993 -0 0 -1 -0.0475018 -0.978094 -0.208164 0 4.94391 0 0 0 1 960 960 
286 4.68534 1.78221 -0.0475018 -0.207624 0.978209 0 -0.770585 -0 0 -1 -0.0475018 -0.978209 -0.207624 0 4.95327 0 0 0 1 960 960 
287 4.69534 1.78351 -0.044255 -0.207415 0.978253 0 -0.770838 -0 0 -1 -0.044255 -0.978253 -0.207415 0 4.96315 0 0 0 1 960 960 
288 4.70534 1.78351 -0.044255 -0.206879 0.978366 0 -0.771487 -0 0 -1 -0.044255 -0.978366 -0.206879 0 4.97251 0 0 0 1 960 960 
289 4.71534 1.78351 -0.044255 -0.206346 0.978479 0 -0.772133 -0 0 -1 -0.044255 -0.978479 -0.206346 0 4.98188 0 0 0 1 960 960 
290 4.72534 1.78351 -0.044255 -0.205816 0.978591 0 -0.772775 -0 0 -1 -0.044255 -0.978591 -0.205816 0 4.99124 0 0 0 1 960 960 
291 4.73534 1.78351 -0.044255 -0.205288 0.978702 0 -0.773414 -0 0 -1 -0.044255 -0.978702 -0.205288 0 5.00061 0 0 0 1 960 960 
292 4.74534 1.78351 -0.044255 -0.204763 0.978812 0 -0.774049 -0 0 -1 -0.044255 -0.978812 -0.204763 0 5.00999 0 0 0 1 960 960 
293 4.75534 1.78351 -0.044255 -0.20424 0.978921 0 -0.77468 -0 0 -1 -0.044255 -0.978921 -0.20424 0 5.01936 0 0 0 1 960 960 
294 4.76534 1.78221 -0.0475018 -0.203397 0.979096 0 -0.775699 -0 0 -1 -0.0475018 -0.979096 -0.203397 0 5.02822 0 0 0 1 960 960 
295 4.77534 1.78221 -0.0475018 -0.20288 0.979204 0 -0.776323 -0 0 -1 -0.0475018 -0.979204 -0.20288 0 5.0376 0 0 0 1 960 960 
296 4.78534 1.78091 -0.0507485 -0.202044 0.979376 0 -0.777332 -0 0 -1 -0.0507485 -0.979376 -0.202044 0 5.04647 0 0 0 1 960 960 
297 4.79534 1.78091 -0.0507485 -0.201533 0.979482 0 -0.777948 -0 0 -1 -0.0507485 -0.979482 -0.201533 0 5.05586 0 0 0 1 960 960 
298 4.80534 1.78091 -0.0507485 -0.201025 0.979586 0 -0.778561 -0 0 -1 -0.0507485 -0.979586 -0.201025 0 5.06525 0 0 0 1 960 960 
299 4.81534 1.78091 -0.0507485 -0.20052 0.97969 0 -0.77917 -0 0 -1 -0.0507485 -0.97969 -0.20052 0 5.07464 0 0 0 1 960 960 
300 4.82534 1.77961 -0.0539953 -0.199697 0.979858 0 -0.780161 -0 0 -1 -0.0539953 -0.979858 -0.199697 0 5.08353 0 0 0 1 960 960 
301 4.83534 1.77961 -0.0539953 -0.199197 0.979959 0 -0.780762 -0 0 -1 -0.0539953 -0.979959 -0.199197 0 5.09293 0 0 0 1 960 960 
302 4.84534 1.77961 -0.0539953 -0.198699 0.98006 0 -0.781361 -0 0 -1 -0.0539953 -0.98006 -0.198699 0 5.10233 0 0 0 1 960 960 
303 4.85534 1.77961 -0.0539953 -0.198204 0.980161 0 -0.781956 -0 0 -1 -0.0539953 -0.980161 -0.198204 0 5.11174 0 0 0 1 960 960 
304 4.86534 1.77831 -0.057242 -0.197395 0.980324 0 -0.782929 -0 0 -1 -0.057242 -0.980324 -0.197395 0 5.12064 0 0 0 1 960 960 
305 4.87534 1.77831 -0.057242 -0.196906 0.980422 0 -0.783517 -0 0 -1 -0.057242 -0.980422 -0.196906 0 5.13005 0 0 0 1 960 960 
306 4.88534 1.77831 -0.057242 -0.196418 0.98052 0 -0.784102 -0 0 -1 -0.057242 -0.98052 -0.196418 0 5.13946 0 0 0 1 960 960 
307 4.89534 1.77831 -0.057242 -0.195933 0.980617 0 -0.784684 -0 0 -1 -0.057242 -0.980617 -0.195933 0 5.14888 0 0 0 1 960 960 
308 4.90534 1.77831 -0.057242 -0.195451 0.980713 0 -0.785263 -0 0 -1 -0.057242 -0.980713 -0.195451 0 5.1583 0 0 0 1 960 960 
309 4.91534 1.77701 -0.0604888 -0.194658 0.980871 0 -0.786214 -0 0 -1 -0.0604888 -0.980871 -0.194658 0 5.16722 0 0 0 1 960 960 
310 4.92534 1.77701 -0.0604888 -0.194181 0.980966 0 -0.786785 -0 0 -1 -0.0604888 -0.980966 -0.194181 0 5.17665 0 0 0 1 960 960 
311 4.93534 1.77701 -0.0604888 -0.193706 0.98106 0 -0.787354 -0 0 -1 -0.0604888 -0.98106 -0.193706 0 5.18608 0 0 0 1 960 960 
312 4.94534 1.77701 -0.0604888 -0.193233 0.981153 0 -0.78792 -0 0 -1 -0.0604888 -0.981153 -0.193233 0 5.19551 0 0 0 1 960 960 
313 4.95534 1.77701 -0.0604888 -0.192763 0.981245 0 -0.788483 -0 0 -1 -0.0604888 -0.981245 -0.192763 0 5.20494 0 0 0 1 960 960 
314 4.96534 1.77701 -0.0604888 -0.192295 0.981337 0 -0.789043 -0 0 -1 -0.0604888 -0.981337 -0.192295 0 5.21438 0 0 0 1 960 960 
315 4.97534 1.77701 -0.0604888 -0.191829 0.981428 0 -0.7896 -0 0 -1 -0.0604888 -0.981428 -0.191829 0 5.22382 0 0 0 1 960 960 
316 4.98534 1.77701 -0.0604888 -0.191365 0.981519 0 -0.790154 -0 0 -1 -0.0604888 -0.981519 -0.191365 0 5.23326 0 0 0 1 960 960 
